# trn;region;id;class;type;battleType;count | mon;region;id;slot;species;level;iv;item;m1;m2;m3;m4
trn;2;1;2;0;0;1
mon;2;1;0;504;7;0;0;0;0;0;0
trn;2;2;3;0;0;1
mon;2;2;0;509;7;0;0;0;0;0;0
trn;2;3;4;0;0;1
mon;2;3;0;522;13;50;0;0;0;0;0
trn;2;4;5;0;0;1
mon;2;4;0;527;13;50;0;0;0;0;0
trn;2;5;6;0;0;1
mon;2;5;0;522;25;100;0;0;0;0;0
trn;2;6;7;0;0;2
mon;2;6;0;554;24;100;0;0;0;0;0
mon;2;6;1;532;24;100;0;0;0;0;0
trn;2;7;2;0;0;3
mon;2;7;0;504;7;0;0;0;0;0;0
mon;2;7;1;504;7;0;0;0;0;0;0
mon;2;7;2;506;7;0;0;0;0;0;0
trn;2;8;3;0;0;2
mon;2;8;0;509;8;0;0;0;0;0;0
mon;2;8;1;509;8;0;0;0;0;0;0
trn;2;9;8;0;0;1
mon;2;9;0;506;11;50;0;0;0;0;0
trn;2;10;9;0;0;2
mon;2;10;0;504;10;50;0;0;0;0;0
mon;2;10;1;509;10;50;0;0;0;0;0
trn;2;11;10;1;0;2
mon;2;11;0;506;12;50;0;44;526;0;0
mon;2;11;1;513;14;100;0;510;526;0;0
trn;2;12;11;1;0;2
mon;2;12;0;506;12;50;0;44;526;0;0
mon;2;12;1;511;14;100;0;22;526;0;0
trn;2;13;12;1;0;2
mon;2;13;0;506;12;50;0;44;526;0;0
mon;2;13;1;515;14;100;0;55;526;0;0
trn;2;14;13;0;0;2
mon;2;14;0;506;10;30;0;0;0;0;0
mon;2;14;1;517;10;30;0;0;0;0;0
trn;2;15;14;0;0;1
mon;2;15;0;513;10;0;0;0;0;0;0
trn;2;16;15;0;0;1
mon;2;16;0;515;10;0;0;0;0;0;0
trn;2;17;15;0;0;1
mon;2;17;0;511;10;0;0;0;0;0;0
trn;2;18;16;0;1;2
mon;2;18;0;509;10;0;0;0;0;0;0
mon;2;18;1;509;10;0;0;0;0;0;0
trn;2;19;17;0;0;3
mon;2;19;0;512;32;100;0;0;0;0;0
mon;2;19;1;514;32;100;0;0;0;0;0
mon;2;19;2;516;32;100;0;0;0;0;0
trn;2;20;18;0;0;3
mon;2;20;0;504;9;100;0;0;0;0;0
mon;2;20;1;506;9;100;0;0;0;0;0
mon;2;20;2;519;9;100;0;0;0;0;0
trn;2;21;19;1;0;2
mon;2;21;0;507;18;50;0;36;44;514;43
mon;2;21;1;505;20;100;0;43;242;514;95
trn;2;22;20;1;0;3
mon;2;22;0;544;21;100;0;342;522;228;103
mon;2;22;1;557;21;100;0;479;522;185;28
mon;2;22;2;542;23;150;0;75;522;81;182
trn;2;23;21;1;0;3
mon;2;23;0;587;25;100;0;228;98;521;332
mon;2;23;1;587;25;100;0;228;98;521;332
mon;2;23;2;523;27;150;0;98;209;521;488
trn;2;24;22;1;0;3
mon;2;24;0;552;29;100;0;242;207;523;259
mon;2;24;1;536;29;100;0;330;392;523;61
mon;2;24;2;530;31;150;0;163;157;523;468
trn;2;25;23;1;0;3
mon;2;25;0;528;33;100;0;531;133;512;372
mon;2;25;1;521;33;100;0;98;403;43;13
mon;2;25;2;581;35;150;0;392;332;403;61
trn;2;26;24;0;0;1
mon;2;26;0;507;18;100;0;0;0;0;0
trn;2;27;25;0;0;1
mon;2;27;0;515;18;100;0;0;0;0;0
trn;2;28;24;0;0;1
mon;2;28;0;513;18;100;0;0;0;0;0
trn;2;29;25;0;0;1
mon;2;29;0;511;18;100;0;0;0;0;0
trn;2;30;4;0;0;1
mon;2;30;0;517;17;50;0;0;0;0;0
trn;2;31;5;0;0;2
mon;2;31;0;519;16;50;0;0;0;0;0
mon;2;31;1;509;16;50;0;0;0;0;0
trn;2;32;16;0;1;2
mon;2;32;0;540;16;0;0;0;0;0;0
mon;2;32;1;540;16;0;0;0;0;0;0
trn;2;33;2;0;0;2
mon;2;33;0;543;16;0;0;0;0;0;0
mon;2;33;1;532;16;0;0;0;0;0;0
trn;2;34;3;0;0;3
mon;2;34;0;527;15;0;0;0;0;0;0
mon;2;34;1;527;15;0;0;0;0;0;0
mon;2;34;2;527;15;0;0;0;0;0;0
trn;2;35;26;0;0;2
mon;2;35;0;524;18;0;0;0;0;0;0
mon;2;35;1;532;18;0;0;0;0;0;0
trn;2;36;26;0;0;1
mon;2;36;0;532;19;0;0;0;0;0;0
trn;2;37;26;0;0;1
mon;2;37;0;532;19;0;0;0;0;0;0
trn;2;38;26;0;0;1
mon;2;38;0;530;35;0;0;0;0;0;0
trn;2;39;27;0;0;1
mon;2;39;0;522;19;0;0;0;0;0;0
trn;2;40;28;0;0;1
mon;2;40;0;548;18;0;0;0;0;0;0
trn;2;41;29;0;0;2
mon;2;41;0;550;18;0;0;0;0;0;0
mon;2;41;1;550;18;0;0;0;0;0;0
trn;2;42;29;0;0;4
mon;2;42;0;550;16;0;0;0;0;0;0
mon;2;42;1;550;16;0;0;0;0;0;0
mon;2;42;2;550;16;0;0;0;0;0;0
mon;2;42;3;550;16;0;0;0;0;0;0
trn;2;43;6;0;0;2
mon;2;43;0;547;40;100;0;0;0;0;0
mon;2;43;1;549;40;100;0;0;0;0;0
trn;2;44;27;0;0;1
mon;2;44;0;536;23;0;0;0;0;0;0
trn;2;45;28;0;0;1
mon;2;45;0;517;23;0;0;0;0;0;0
trn;2;46;30;0;0;2
mon;2;46;0;522;22;0;0;0;0;0;0
mon;2;46;1;522;22;0;0;0;0;0;0
trn;2;47;31;0;0;2
mon;2;47;0;554;22;0;0;0;0;0;0
mon;2;47;1;554;22;0;0;0;0;0;0
trn;2;48;32;0;0;2
mon;2;48;0;544;22;0;0;0;0;0;0
mon;2;48;1;544;22;0;0;0;0;0;0
trn;2;49;33;0;0;1
mon;2;49;0;561;23;0;0;0;0;0;0
trn;2;50;34;0;0;3
mon;2;50;0;513;21;0;0;0;0;0;0
mon;2;50;1;515;21;0;0;0;0;0;0
mon;2;50;2;511;21;0;0;0;0;0;0
trn;2;51;35;0;0;1
mon;2;51;0;561;24;100;0;0;0;0;0
trn;2;52;36;0;0;2
mon;2;52;0;527;23;100;0;0;0;0;0
mon;2;52;1;517;23;100;0;0;0;0;0
trn;2;53;37;0;0;1
mon;2;53;0;498;5;0;0;0;0;0;0
trn;2;54;37;0;0;1
mon;2;54;0;501;5;0;0;0;0;0;0
trn;2;55;37;0;0;1
mon;2;55;0;495;5;0;0;0;0;0;0
trn;2;56;37;2;0;2
mon;2;56;0;498;14;50;155;0;0;0;0
mon;2;56;1;509;12;50;0;0;0;0;0
trn;2;57;37;2;0;2
mon;2;57;0;501;14;50;155;0;0;0;0
mon;2;57;1;509;12;50;0;0;0;0;0
trn;2;58;37;2;0;2
mon;2;58;0;495;14;50;155;0;0;0;0
mon;2;58;1;509;12;50;0;0;0;0;0
trn;2;59;38;0;0;1
mon;2;59;0;501;5;0;0;0;0;0;0
trn;2;60;38;0;0;1
mon;2;60;0;495;5;0;0;0;0;0;0
trn;2;61;38;0;0;1
mon;2;61;0;498;5;0;0;0;0;0;0
trn;2;62;39;0;0;1
mon;2;62;0;504;12;0;0;0;0;0;0
trn;2;63;39;0;0;1
mon;2;63;0;504;12;0;0;0;0;0;0
trn;2;64;40;1;0;1
mon;2;64;0;509;7;50;0;10;45;0;0
trn;2;65;40;0;0;3
mon;2;65;0;519;13;100;0;0;0;0;0
mon;2;65;1;535;13;100;0;0;0;0;0
mon;2;65;2;532;13;100;0;0;0;0;0
trn;2;66;41;0;0;1
mon;2;66;0;522;25;50;0;0;0;0;0
trn;2;67;41;0;0;2
mon;2;67;0;522;24;50;0;0;0;0;0
mon;2;67;1;522;24;50;0;0;0;0;0
trn;2;68;42;0;0;2
mon;2;68;0;587;24;50;0;0;0;0;0
mon;2;68;1;587;24;50;0;0;0;0;0
trn;2;69;42;0;0;1
mon;2;69;0;587;25;50;0;0;0;0;0
trn;2;70;43;0;0;2
mon;2;70;0;580;32;50;0;0;0;0;0
mon;2;70;1;561;32;50;0;0;0;0;0
trn;2;71;43;0;0;1
mon;2;71;0;521;33;50;0;0;0;0;0
trn;2;72;44;0;0;2
mon;2;72;0;513;24;0;0;0;0;0;0
mon;2;72;1;532;24;0;0;0;0;0;0
trn;2;73;44;0;0;1
mon;2;73;0;533;25;0;0;0;0;0;0
trn;2;74;44;0;0;2
mon;2;74;0;515;24;0;0;0;0;0;0
mon;2;74;1;532;24;0;0;0;0;0;0
trn;2;75;44;0;0;3
mon;2;75;0;532;23;0;0;0;0;0;0
mon;2;75;1;532;23;0;0;0;0;0;0
mon;2;75;2;582;23;0;0;0;0;0;0
trn;2;76;44;0;0;2
mon;2;76;0;582;24;0;0;0;0;0;0
mon;2;76;1;532;24;0;0;0;0;0;0
trn;2;77;44;0;0;2
mon;2;77;0;511;24;0;0;0;0;0;0
mon;2;77;1;532;24;0;0;0;0;0;0
trn;2;78;44;0;0;2
mon;2;78;0;364;64;100;0;0;0;0;0
mon;2;78;1;362;64;100;0;0;0;0;0
trn;2;79;44;0;0;1
mon;2;79;0;504;10;0;0;0;0;0;0
trn;2;80;39;0;0;1
mon;2;80;0;504;10;0;0;0;0;0;0
trn;2;81;39;0;0;2
mon;2;81;0;551;23;0;0;0;0;0;0
mon;2;81;1;505;23;0;0;0;0;0;0
trn;2;82;45;0;0;1
mon;2;82;0;544;25;100;0;0;0;0;0
trn;2;83;45;0;0;2
mon;2;83;0;508;40;100;0;0;0;0;0
mon;2;83;1;525;40;100;0;0;0;0;0
trn;2;84;4;0;0;2
mon;2;84;0;519;12;50;0;0;0;0;0
mon;2;84;1;524;12;50;0;0;0;0;0
trn;2;85;2;0;0;1
mon;2;85;0;506;7;0;0;0;0;0;0
trn;2;86;4;0;0;1
mon;2;86;0;504;17;50;0;0;0;0;0
trn;2;87;5;1;0;3
mon;2;87;0;506;15;50;0;33;44;43;0
mon;2;87;1;506;15;50;0;33;44;43;0
mon;2;87;2;506;15;50;0;33;44;43;0
trn;2;88;46;1;0;1
mon;2;88;0;507;17;100;0;33;44;43;0
trn;2;89;47;0;0;4
mon;2;89;0;551;22;150;0;0;0;0;0
mon;2;89;1;554;22;150;0;0;0;0;0
mon;2;89;2;559;22;150;0;0;0;0;0
mon;2;89;3;561;22;150;0;0;0;0;0
trn;2;90;37;2;0;4
mon;2;90;0;510;24;100;0;0;0;0;0
mon;2;90;1;511;24;100;239;0;0;0;0
mon;2;90;2;520;24;100;0;0;0;0;0
mon;2;90;3;499;26;100;158;0;0;0;0
trn;2;91;37;2;0;4
mon;2;91;0;510;24;100;0;0;0;0;0
mon;2;91;1;513;24;100;249;0;0;0;0
mon;2;91;2;520;24;100;0;0;0;0;0
mon;2;91;3;502;26;100;158;0;0;0;0
trn;2;92;37;2;0;4
mon;2;92;0;510;24;100;0;0;0;0;0
mon;2;92;1;515;24;100;243;0;0;0;0
mon;2;92;2;520;24;100;0;0;0;0;0
mon;2;92;3;496;26;100;158;0;0;0;0
trn;2;93;48;0;0;1
mon;2;93;0;507;19;0;0;0;0;0;0
trn;2;94;48;0;0;2
mon;2;94;0;548;18;0;0;0;0;0;0
mon;2;94;1;546;18;0;0;0;0;0;0
trn;2;95;48;0;0;1
mon;2;95;0;529;29;50;0;0;0;0;0
trn;2;96;48;0;0;1
mon;2;96;0;572;25;0;0;0;0;0;0
trn;2;97;8;0;0;2
mon;2;97;0;572;36;0;0;0;0;0;0
mon;2;97;1;608;36;0;0;0;0;0;0
trn;2;98;9;0;0;2
mon;2;98;0;572;36;0;0;0;0;0;0
mon;2;98;1;549;36;0;0;0;0;0;0
trn;2;99;49;0;0;2
mon;2;99;0;586;40;100;0;0;0;0;0
mon;2;99;1;593;40;100;0;0;0;0;0
trn;2;100;49;0;0;3
mon;2;100;0;574;29;100;0;0;0;0;0
mon;2;100;1;580;29;100;0;0;0;0;0
mon;2;100;2;549;29;100;0;0;0;0;0
trn;2;101;49;0;0;2
mon;2;101;0;529;30;100;0;0;0;0;0
mon;2;101;1;523;30;100;0;0;0;0;0
trn;2;102;49;0;0;3
mon;2;102;0;613;35;100;0;0;0;0;0
mon;2;102;1;542;35;100;0;0;0;0;0
mon;2;102;2;555;35;100;0;0;0;0;0
trn;2;103;50;0;0;3
mon;2;103;0;611;39;100;0;0;0;0;0
mon;2;103;1;603;39;100;0;0;0;0;0
mon;2;103;2;617;39;100;0;0;0;0;0
trn;2;104;50;0;0;2
mon;2;104;0;547;30;100;0;0;0;0;0
mon;2;104;1;564;30;100;0;0;0;0;0
trn;2;105;50;0;0;1
mon;2;105;0;566;31;100;0;0;0;0;0
trn;2;106;50;0;0;2
mon;2;106;0;583;36;100;0;0;0;0;0
mon;2;106;1;596;36;100;0;0;0;0;0
trn;2;107;42;0;0;1
mon;2;107;0;508;36;0;0;0;0;0;0
trn;2;108;41;0;0;1
mon;2;108;0;510;36;0;0;0;0;0;0
trn;2;109;51;0;0;1
mon;2;109;0;539;40;100;0;0;0;0;0
trn;2;110;51;0;0;1
mon;2;110;0;539;36;100;0;0;0;0;0
trn;2;111;51;0;0;1
mon;2;111;0;532;16;100;0;0;0;0;0
trn;2;112;52;0;0;1
mon;2;112;0;585;27;100;0;0;0;0;0
trn;2;113;52;0;0;1
mon;2;113;0;524;19;100;0;0;0;0;0
trn;2;114;52;0;0;1
mon;2;114;0;540;20;100;0;0;0;0;0
trn;2;115;52;0;0;1
mon;2;115;0;599;29;100;0;0;0;0;0
trn;2;116;46;0;0;1
mon;2;116;0;517;20;100;0;0;0;0;0
trn;2;117;46;0;0;1
mon;2;117;0;599;29;100;0;0;0;0;0
trn;2;118;35;0;0;2
mon;2;118;0;562;31;100;0;0;0;0;0
mon;2;118;1;622;31;100;0;0;0;0;0
trn;2;119;35;0;0;1
mon;2;119;0;578;32;100;0;0;0;0;0
trn;2;120;36;0;0;3
mon;2;120;0;605;30;100;0;0;0;0;0
mon;2;120;1;577;30;100;0;0;0;0;0
mon;2;120;2;561;30;100;0;0;0;0;0
trn;2;121;36;0;0;2
mon;2;121;0;607;31;100;0;0;0;0;0
mon;2;121;1;528;31;100;0;0;0;0;0
trn;2;122;26;0;0;3
mon;2;122;0;525;33;0;0;0;0;0;0
mon;2;122;1;525;33;0;0;0;0;0;0
mon;2;122;2;525;33;0;0;0;0;0;0
trn;2;123;26;0;0;2
mon;2;123;0;533;34;0;0;0;0;0;0
mon;2;123;1;525;34;0;0;0;0;0;0
trn;2;124;26;0;0;1
mon;2;124;0;528;35;0;0;0;0;0;0
trn;2;125;26;0;0;2
mon;2;125;0;520;32;50;0;0;0;0;0
mon;2;125;1;520;32;50;0;0;0;0;0
trn;2;126;26;0;0;1
mon;2;126;0;504;10;0;0;0;0;0;0
trn;2;127;26;0;0;2
mon;2;127;0;580;32;50;0;0;0;0;0
mon;2;127;1;527;32;50;0;0;0;0;0
trn;2;128;26;0;0;1
mon;2;128;0;528;33;50;0;0;0;0;0
trn;2;129;53;0;0;1
mon;2;129;0;580;25;100;0;0;0;0;0
trn;2;130;53;0;0;1
mon;2;130;0;510;41;100;0;0;0;0;0
trn;2;131;54;1;0;3
mon;2;131;0;583;37;150;0;429;151;524;310
mon;2;131;1;615;37;150;0;115;62;524;229
mon;2;131;2;614;39;200;0;163;362;556;207
trn;2;132;55;1;0;3
mon;2;132;0;611;41;150;0;349;82;525;372
mon;2;132;1;621;41;150;0;498;279;525;400
mon;2;132;2;612;43;200;0;349;163;525;372
trn;2;133;56;1;0;3
mon;2;133;0;611;41;150;0;349;82;525;372
mon;2;133;1;621;41;150;0;498;279;525;400
mon;2;133;2;612;43;200;0;349;163;525;372
trn;2;134;57;0;0;1
mon;2;134;0;559;37;0;0;0;0;0;0
trn;2;135;57;0;0;2
mon;2;135;0;552;36;0;0;0;0;0;0
mon;2;135;1;569;36;0;0;0;0;0;0
trn;2;136;57;0;0;3
mon;2;136;0;262;63;100;0;0;0;0;0
mon;2;136;1;435;63;100;0;0;0;0;0
mon;2;136;2;342;63;100;0;0;0;0;0
trn;2;137;58;0;0;2
mon;2;137;0;568;20;100;0;0;0;0;0
mon;2;137;1;572;20;100;0;0;0;0;0
trn;2;138;59;0;0;2
mon;2;138;0;587;30;0;0;0;0;0;0
mon;2;138;1;507;30;0;0;0;0;0;0
trn;2;139;60;0;0;1
mon;2;139;0;541;31;0;0;0;0;0;0
trn;2;140;2;1;0;2
mon;2;140;0;595;24;0;0;103;210;450;86
mon;2;140;1;557;24;0;0;479;397;450;446
trn;2;141;2;0;0;2
mon;2;141;0;544;24;0;0;0;0;0;0
mon;2;141;1;588;24;0;0;0;0;0;0
trn;2;142;2;0;0;2
mon;2;142;0;557;30;0;0;0;0;0;0
mon;2;142;1;512;30;0;0;0;0;0;0
trn;2;143;2;0;0;3
mon;2;143;0;536;29;0;0;0;0;0;0
mon;2;143;1;616;29;0;0;0;0;0;0
mon;2;143;2;545;29;0;0;0;0;0;0
trn;2;144;2;0;0;2
mon;2;144;0;543;14;0;0;0;0;0;0
mon;2;144;1;506;14;0;0;0;0;0;0
trn;2;145;2;0;0;3
mon;2;145;0;535;13;0;0;0;0;0;0
mon;2;145;1;535;13;0;0;0;0;0;0
mon;2;145;2;535;13;0;0;0;0;0;0
trn;2;146;2;0;0;3
mon;2;146;0;21;63;0;0;0;0;0;0
mon;2;146;1;264;63;0;0;0;0;0;0
mon;2;146;2;22;63;0;0;0;0;0;0
trn;2;147;2;0;0;3
mon;2;147;0;48;63;100;0;0;0;0;0
mon;2;147;1;20;63;100;0;0;0;0;0
mon;2;147;2;49;63;100;0;0;0;0;0
trn;2;148;29;0;0;2
mon;2;148;0;550;34;0;0;0;0;0;0
mon;2;148;1;550;34;0;0;0;0;0;0
trn;2;149;29;0;0;4
mon;2;149;0;456;62;100;0;0;0;0;0
mon;2;149;1;368;62;100;0;0;0;0;0
mon;2;149;2;367;62;100;0;0;0;0;0
mon;2;149;3;457;62;100;0;0;0;0;0
trn;2;150;61;0;0;1
mon;2;150;0;541;29;30;0;0;0;0;0
trn;2;151;61;0;0;2
mon;2;151;0;578;34;30;0;0;0;0;0
mon;2;151;1;518;34;30;0;0;0;0;0
trn;2;152;62;0;0;2
mon;2;152;0;574;31;0;0;0;0;0;0
mon;2;152;1;594;31;0;0;0;0;0;0
trn;2;153;27;0;0;1
mon;2;153;0;519;19;0;0;0;0;0;0
trn;2;154;27;0;0;1
mon;2;154;0;514;31;0;0;0;0;0;0
trn;2;155;28;0;0;1
mon;2;155;0;572;31;0;0;0;0;0;0
trn;2;156;28;0;0;1
mon;2;156;0;546;19;0;0;0;0;0;0
trn;2;157;63;0;1;2
mon;2;157;0;559;37;0;0;0;0;0;0
mon;2;157;1;559;37;0;0;0;0;0;0
trn;2;158;64;0;0;2
mon;2;158;0;560;39;100;0;0;0;0;0
mon;2;158;1;619;39;100;0;0;0;0;0
trn;2;159;64;0;0;1
mon;2;159;0;538;36;100;0;0;0;0;0
trn;2;160;64;0;0;1
mon;2;160;0;532;16;100;0;0;0;0;0
trn;2;161;65;1;0;4
mon;2;161;0;535;24;0;0;497;0;0;0
mon;2;161;1;535;24;0;0;497;0;0;0
mon;2;161;2;535;24;0;0;497;0;0;0
mon;2;161;3;535;24;0;0;497;0;0;0
trn;2;162;65;0;0;2
mon;2;162;0;582;26;0;0;0;0;0;0
mon;2;162;1;592;26;0;0;0;0;0;0
trn;2;163;65;0;0;2
mon;2;163;0;592;34;0;0;0;0;0;0
mon;2;163;1;580;34;0;0;0;0;0;0
trn;2;164;65;0;0;1
mon;2;164;0;594;35;0;0;0;0;0;0
trn;2;165;66;0;0;1
mon;2;165;0;532;19;0;0;0;0;0;0
trn;2;166;66;0;0;3
mon;2;166;0;550;17;0;0;0;0;0;0
mon;2;166;1;550;17;0;0;0;0;0;0
mon;2;166;2;550;17;0;0;0;0;0;0
trn;2;167;66;0;0;1
mon;2;167;0;527;20;0;0;0;0;0;0
trn;2;168;66;0;0;3
mon;2;168;0;551;27;50;0;0;0;0;0
mon;2;168;1;551;27;50;0;0;0;0;0
mon;2;168;2;536;27;50;0;0;0;0;0
trn;2;169;66;0;0;2
mon;2;169;0;168;64;0;0;0;0;0;0
mon;2;169;1;419;64;0;0;0;0;0;0
trn;2;170;67;0;0;3
mon;2;170;0;513;19;50;0;0;0;0;0
mon;2;170;1;515;19;50;0;0;0;0;0
mon;2;170;2;511;19;50;0;0;0;0;0
trn;2;171;67;0;0;2
mon;2;171;0;53;65;100;0;0;0;0;0
mon;2;171;1;430;65;100;0;0;0;0;0
trn;2;172;68;0;1;2
mon;2;172;0;554;31;100;0;0;0;0;0
mon;2;172;1;554;31;100;0;0;0;0;0
trn;2;173;68;0;1;2
mon;2;173;0;523;31;100;0;0;0;0;0
mon;2;173;1;523;31;100;0;0;0;0;0
trn;2;174;68;0;1;2
mon;2;174;0;545;31;100;0;0;0;0;0
mon;2;174;1;545;31;100;0;0;0;0;0
trn;2;175;69;0;1;2
mon;2;175;0;580;31;100;0;0;0;0;0
mon;2;175;1;580;31;100;0;0;0;0;0
trn;2;176;69;0;1;2
mon;2;176;0;515;31;100;0;0;0;0;0
mon;2;176;1;513;31;100;0;0;0;0;0
trn;2;177;7;0;0;2
mon;2;177;0;539;40;100;0;0;0;0;0
mon;2;177;1;538;40;100;0;0;0;0;0
trn;2;178;70;1;0;3
mon;2;178;0;614;39;150;0;556;163;362;157
mon;2;178;1;537;39;150;0;330;89;474;280
mon;2;178;2;589;40;150;0;442;163;404;332
trn;2;179;71;1;0;3
mon;2;179;0;556;39;150;0;80;332;216;92
mon;2;179;1;594;39;150;0;291;392;94;247
mon;2;179;2;615;40;150;0;58;430;420;63
trn;2;180;72;0;0;2
mon;2;180;0;552;36;0;0;0;0;0;0
mon;2;180;1;559;36;0;0;0;0;0;0
trn;2;181;72;0;0;1
mon;2;181;0;624;37;0;0;0;0;0;0
trn;2;182;24;0;0;2
mon;2;182;0;572;27;100;0;0;0;0;0
mon;2;182;1;587;27;100;0;0;0;0;0
trn;2;183;24;0;0;2
mon;2;183;0;577;31;100;0;0;0;0;0
mon;2;183;1;610;31;100;0;0;0;0;0
trn;2;184;24;0;0;3
mon;2;184;0;613;34;100;0;0;0;0;0
mon;2;184;1;536;34;100;0;0;0;0;0
mon;2;184;2;556;34;100;0;0;0;0;0
trn;2;185;24;0;0;3
mon;2;185;0;424;64;150;0;0;0;0;0
mon;2;185;1;455;64;150;0;0;0;0;0
mon;2;185;2;208;64;150;0;0;0;0;0
trn;2;186;25;0;0;2
mon;2;186;0;587;27;100;0;0;0;0;0
mon;2;186;1;585;27;100;0;0;0;0;0
trn;2;187;25;0;0;3
mon;2;187;0;541;30;100;0;0;0;0;0
mon;2;187;1;516;30;100;0;0;0;0;0
mon;2;187;2;520;30;100;0;0;0;0;0
trn;2;188;25;0;0;1
mon;2;188;0;573;36;100;0;0;0;0;0
trn;2;189;25;0;0;3
mon;2;189;0;518;64;150;0;0;0;0;0
mon;2;189;1;426;64;150;0;0;0;0;0
mon;2;189;2;197;64;150;0;0;0;0;0
trn;2;190;3;0;0;2
mon;2;190;0;585;30;0;0;0;0;0;0
mon;2;190;1;574;30;0;0;0;0;0;0
trn;2;191;73;0;0;3
mon;2;191;0;513;23;100;0;0;0;0;0
mon;2;191;1;515;23;100;0;0;0;0;0
mon;2;191;2;511;23;100;0;0;0;0;0
trn;2;192;73;0;0;2
mon;2;192;0;551;40;100;0;0;0;0;0
mon;2;192;1;521;40;100;0;0;0;0;0
trn;2;193;74;0;0;2
mon;2;193;0;533;38;0;0;0;0;0;0
mon;2;193;1;525;38;0;0;0;0;0;0
trn;2;194;74;0;0;2
mon;2;194;0;525;26;0;0;0;0;0;0
mon;2;194;1;533;26;0;0;0;0;0;0
trn;2;195;74;0;0;2
mon;2;195;0;527;34;0;0;0;0;0;0
mon;2;195;1;525;34;0;0;0;0;0;0
trn;2;196;32;0;0;2
mon;2;196;0;540;20;50;0;0;0;0;0
mon;2;196;1;543;20;50;0;0;0;0;0
trn;2;197;32;0;0;1
mon;2;197;0;504;10;0;0;0;0;0;0
trn;2;198;32;0;0;2
mon;2;198;0;543;20;50;0;0;0;0;0
mon;2;198;1;540;20;50;0;0;0;0;0
trn;2;199;32;1;0;2
mon;2;199;0;540;20;50;0;75;450;81;33
mon;2;199;1;557;20;50;0;210;350;185;0
trn;2;200;32;0;0;1
mon;2;200;0;540;21;50;0;0;0;0;0
trn;2;201;26;0;0;2
mon;2;201;0;536;28;50;0;0;0;0;0
mon;2;201;1;529;28;50;0;0;0;0;0
trn;2;202;26;0;0;2
mon;2;202;0;551;28;50;0;0;0;0;0
mon;2;202;1;529;28;50;0;0;0;0;0
trn;2;203;26;0;0;1
mon;2;203;0;552;29;50;0;0;0;0;0
trn;2;204;16;0;1;2
mon;2;204;0;504;10;0;0;0;0;0;0
mon;2;204;1;504;10;0;0;0;0;0;0
trn;2;205;49;0;0;3
mon;2;205;0;479;65;150;0;0;0;0;0
mon;2;205;1;12;65;150;0;0;0;0;0
mon;2;205;2;594;65;150;0;0;0;0;0
trn;2;206;50;0;0;2
mon;2;206;0;128;66;150;0;0;0;0;0
mon;2;206;1;321;66;150;0;0;0;0;0
trn;2;207;3;0;0;2
mon;2;207;0;433;64;0;0;0;0;0;0
mon;2;207;1;413;64;0;0;0;0;0;0
trn;2;208;41;0;0;2
mon;2;208;0;190;64;0;0;0;0;0;0
mon;2;208;1;198;64;0;0;0;0;0;0
trn;2;209;42;0;0;3
mon;2;209;0;52;63;0;0;0;0;0;0
mon;2;209;1;37;63;0;0;0;0;0;0
mon;2;209;2;133;63;0;0;0;0;0;0
trn;2;210;75;0;0;2
mon;2;210;0;510;64;0;0;0;0;0;0
mon;2;210;1;24;64;0;0;0;0;0;0
trn;2;211;76;0;0;3
mon;2;211;0;228;63;0;0;0;0;0;0
mon;2;211;1;164;63;0;0;0;0;0;0
mon;2;211;2;229;63;0;0;0;0;0;0
trn;2;212;64;0;0;1
mon;2;212;0;615;37;100;0;0;0;0;0
trn;2;213;64;0;0;2
mon;2;213;0;613;36;100;0;0;0;0;0
mon;2;213;1;583;36;100;0;0;0;0;0
trn;2;214;64;0;0;2
mon;2;214;0;583;36;100;0;0;0;0;0
mon;2;214;1;583;36;100;0;0;0;0;0
trn;2;215;51;0;0;3
mon;2;215;0;613;35;100;0;0;0;0;0
mon;2;215;1;613;35;100;0;0;0;0;0
mon;2;215;2;615;35;100;0;0;0;0;0
trn;2;216;51;0;0;1
mon;2;216;0;613;37;100;0;0;0;0;0
trn;2;217;51;0;0;2
mon;2;217;0;583;36;100;0;0;0;0;0
mon;2;217;1;613;36;100;0;0;0;0;0
trn;2;218;47;0;0;4
mon;2;218;0;525;28;200;0;0;0;0;0
mon;2;218;1;597;28;200;0;0;0;0;0
mon;2;218;2;595;28;200;0;0;0;0;0
mon;2;218;3;599;28;200;0;0;0;0;0
trn;2;219;40;0;0;1
mon;2;219;0;504;10;0;0;0;0;0;0
trn;2;220;47;0;0;1
mon;2;220;0;504;10;0;0;0;0;0;0
trn;2;221;39;0;0;3
mon;2;221;0;505;34;0;0;0;0;0;0
mon;2;221;1;552;34;0;0;0;0;0;0
mon;2;221;2;552;34;0;0;0;0;0;0
trn;2;222;39;0;0;2
mon;2;222;0;559;35;0;0;0;0;0;0
mon;2;222;1;505;35;0;0;0;0;0;0
trn;2;223;39;0;0;1
mon;2;223;0;552;36;0;0;0;0;0;0
trn;2;224;39;0;0;2
mon;2;224;0;505;35;0;0;0;0;0;0
mon;2;224;1;559;35;0;0;0;0;0;0
trn;2;225;77;0;0;1
mon;2;225;0;569;36;0;0;0;0;0;0
trn;2;226;77;0;0;3
mon;2;226;0;510;34;0;0;0;0;0;0
mon;2;226;1;568;34;0;0;0;0;0;0
mon;2;226;2;568;34;0;0;0;0;0;0
trn;2;227;77;0;0;2
mon;2;227;0;568;35;0;0;0;0;0;0
mon;2;227;1;510;35;0;0;0;0;0;0
trn;2;228;78;1;0;4
mon;2;228;0;563;48;200;0;261;447;94;247
mon;2;228;1;593;48;200;0;412;362;57;247
mon;2;228;2;623;48;200;0;174;89;280;325
mon;2;228;3;609;50;250;0;371;126;94;247
trn;2;229;79;1;0;4
mon;2;229;0;538;48;200;0;480;523;444;371
mon;2;229;1;539;48;200;0;2;447;444;514
mon;2;229;2;534;48;200;0;359;447;444;514
mon;2;229;3;620;50;250;0;26;369;157;514
trn;2;230;80;1;0;4
mon;2;230;0;560;48;200;0;242;280;398;28
mon;2;230;1;510;48;200;0;400;252;332;213
mon;2;230;2;553;48;200;0;242;337;89;492
mon;2;230;3;625;50;250;0;400;404;232;332
trn;2;231;81;1;0;4
mon;2;231;0;579;48;200;0;94;412;411;87
mon;2;231;1;518;48;200;0;94;247;451;115
mon;2;231;2;561;48;200;0;94;247;58;403
mon;2;231;3;576;50;250;0;94;247;85;347
trn;2;232;82;1;0;6
mon;2;232;0;563;52;250;0;182;247;94;92
mon;2;232;1;626;52;250;0;543;528;89;398
mon;2;232;2;537;52;250;0;330;482;89;240
mon;2;232;3;625;52;250;0;400;404;444;368
mon;2;232;4;604;52;250;0;242;528;53;512
mon;2;232;5;635;54;250;0;406;57;126;411
trn;2;233;35;0;0;2
mon;2;233;0;562;22;100;0;0;0;0;0
mon;2;233;1;517;22;100;0;0;0;0;0
trn;2;234;35;0;0;2
mon;2;234;0;577;23;100;0;0;0;0;0
mon;2;234;1;527;23;100;0;0;0;0;0
trn;2;235;36;0;0;1
mon;2;235;0;574;24;100;0;0;0;0;0
trn;2;236;27;0;0;1
mon;2;236;0;520;23;0;0;0;0;0;0
trn;2;237;27;0;0;1
mon;2;237;0;557;23;0;0;0;0;0;0
trn;2;238;28;0;0;1
mon;2;238;0;505;23;0;0;0;0;0;0
trn;2;239;28;0;0;1
mon;2;239;0;556;23;0;0;0;0;0;0
trn;2;240;52;0;0;1
mon;2;240;0;599;29;100;0;0;0;0;0
trn;2;241;26;0;0;2
mon;2;241;0;525;34;0;0;0;0;0;0
mon;2;241;1;530;34;0;0;0;0;0;0
trn;2;242;74;0;0;3
mon;2;242;0;527;33;0;0;0;0;0;0
mon;2;242;1;525;33;0;0;0;0;0;0
mon;2;242;2;533;33;0;0;0;0;0;0
trn;2;243;74;0;0;2
mon;2;243;0;525;34;0;0;0;0;0;0
mon;2;243;1;533;34;0;0;0;0;0;0
trn;2;244;49;0;0;2
mon;2;244;0;547;45;100;0;0;0;0;0
mon;2;244;1;523;45;100;0;0;0;0;0
trn;2;245;49;0;0;3
mon;2;245;0;512;44;100;0;0;0;0;0
mon;2;245;1;514;44;100;0;0;0;0;0
mon;2;245;2;516;44;100;0;0;0;0;0
trn;2;246;50;0;0;2
mon;2;246;0;508;45;100;0;0;0;0;0
mon;2;246;1;545;45;100;0;0;0;0;0
trn;2;247;50;0;0;3
mon;2;247;0;600;44;100;0;0;0;0;0
mon;2;247;1;537;44;100;0;0;0;0;0
mon;2;247;2;555;44;100;0;0;0;0;0
trn;2;248;51;0;0;3
mon;2;248;0;560;43;100;0;0;0;0;0
mon;2;248;1;619;43;100;0;0;0;0;0
mon;2;248;2;534;43;100;0;0;0;0;0
trn;2;249;61;0;0;2
mon;2;249;0;575;43;30;0;0;0;0;0
mon;2;249;1;542;43;30;0;0;0;0;0
trn;2;250;70;1;0;2
mon;2;250;0;526;45;150;0;444;89;416;430
mon;2;250;1;604;46;150;0;306;242;528;337
trn;2;251;71;1;0;3
mon;2;251;0;606;44;150;0;94;247;412;85
mon;2;251;1;631;44;150;0;163;53;91;421
mon;2;251;2;549;45;150;0;298;483;412;216
trn;2;252;51;0;0;3
mon;2;252;0;559;34;100;0;0;0;0;0
mon;2;252;1;538;34;100;0;0;0;0;0
mon;2;252;2;539;34;100;0;0;0;0;0
trn;2;253;64;0;0;2
mon;2;253;0;533;35;100;0;0;0;0;0
mon;2;253;1;539;35;100;0;0;0;0;0
trn;2;254;64;0;0;2
mon;2;254;0;533;35;100;0;0;0;0;0
mon;2;254;1;538;35;100;0;0;0;0;0
trn;2;255;74;0;0;2
mon;2;255;0;529;33;0;0;0;0;0;0
mon;2;255;1;533;33;0;0;0;0;0;0
trn;2;256;74;0;0;1
mon;2;256;0;525;34;0;0;0;0;0;0
trn;2;257;52;0;0;1
mon;2;257;0;585;27;100;0;0;0;0;0
trn;2;258;46;0;0;1
mon;2;258;0;585;27;100;0;0;0;0;0
trn;2;259;70;1;0;6
mon;2;259;0;130;62;200;0;127;444;59;126
mon;2;259;1;530;62;200;0;529;157;188;92
mon;2;259;2;169;62;200;0;403;305;369;216
mon;2;259;3;621;62;200;0;200;400;57;53
mon;2;259;4;526;62;200;0;444;89;430;216
mon;2;259;5;143;63;200;0;484;34;528;242
trn;2;260;71;1;0;4
mon;2;260;0;413;64;200;0;442;94;522;247
mon;2;260;1;91;64;200;0;556;398;57;371
mon;2;260;2;38;64;200;0;126;216;326;98
mon;2;260;3;542;65;200;0;348;404;163;332
trn;2;261;49;0;0;3
mon;2;261;0;162;64;150;0;0;0;0;0
mon;2;261;1;326;64;150;0;0;0;0;0
mon;2;261;2;444;64;150;0;0;0;0;0
trn;2;262;50;0;0;4
mon;2;262;0;147;63;150;0;0;0;0;0
mon;2;262;1;123;63;150;0;0;0;0;0
mon;2;262;2;185;63;150;0;0;0;0;0
mon;2;262;3;310;63;150;0;0;0;0;0
trn;2;263;36;0;0;1
mon;2;263;0;518;32;100;0;0;0;0;0
trn;2;264;49;0;0;2
mon;2;264;0;528;32;100;0;0;0;0;0
mon;2;264;1;575;32;100;0;0;0;0;0
trn;2;265;49;0;0;1
mon;2;265;0;633;41;100;0;0;0;0;0
trn;2;266;49;0;0;1
mon;2;266;0;611;41;100;0;0;0;0;0
trn;2;267;49;0;0;2
mon;2;267;0;633;40;100;0;0;0;0;0
mon;2;267;1;621;40;100;0;0;0;0;0
trn;2;268;49;0;0;1
mon;2;268;0;504;10;0;0;0;0;0;0
trn;2;269;50;1;0;1
mon;2;269;0;508;33;100;0;423;422;424;36
trn;2;270;50;0;0;1
mon;2;270;0;611;41;100;0;0;0;0;0
trn;2;271;50;0;0;2
mon;2;271;0;611;40;100;0;0;0;0;0
mon;2;271;1;611;40;100;0;0;0;0;0
trn;2;272;50;0;0;3
mon;2;272;0;633;39;100;0;0;0;0;0
mon;2;272;1;611;39;100;0;0;0;0;0
mon;2;272;2;621;39;100;0;0;0;0;0
trn;2;273;50;0;0;1
mon;2;273;0;504;10;0;0;0;0;0;0
trn;2;274;70;0;0;1
mon;2;274;0;621;42;150;0;0;0;0;0
trn;2;275;71;0;0;2
mon;2;275;0;611;40;150;0;0;0;0;0
mon;2;275;1;611;41;150;0;0;0;0;0
trn;2;276;39;0;0;2
mon;2;276;0;505;23;0;0;0;0;0;0
mon;2;276;1;559;23;0;0;0;0;0;0
trn;2;277;39;0;0;1
mon;2;277;0;504;10;0;0;0;0;0;0
trn;2;278;77;0;0;1
mon;2;278;0;568;24;0;0;0;0;0;0
trn;2;279;39;0;0;2
mon;2;279;0;505;18;0;0;0;0;0;0
mon;2;279;1;568;18;0;0;0;0;0;0
trn;2;280;49;0;0;1
mon;2;280;0;504;10;0;0;0;0;0;0
trn;2;281;50;0;0;1
mon;2;281;0;528;27;100;0;0;0;0;0
trn;2;282;66;0;0;1
mon;2;282;0;504;10;0;0;0;0;0;0
trn;2;283;8;0;0;1
mon;2;283;0;504;10;0;0;0;0;0;0
trn;2;284;41;0;0;1
mon;2;284;0;520;24;0;0;0;0;0;0
trn;2;285;3;0;0;1
mon;2;285;0;574;25;0;0;0;0;0;0
trn;2;286;42;0;0;1
mon;2;286;0;504;10;0;0;0;0;0;0
trn;2;287;37;2;0;2
mon;2;287;0;498;8;30;155;0;0;0;0
mon;2;287;1;509;8;30;0;0;0;0;0
trn;2;288;37;2;0;2
mon;2;288;0;501;8;30;155;0;0;0;0
mon;2;288;1;509;8;30;0;0;0;0;0
trn;2;289;37;2;0;2
mon;2;289;0;495;8;30;155;0;0;0;0
mon;2;289;1;509;8;30;0;0;0;0;0
trn;2;290;27;0;0;1
mon;2;290;0;554;19;0;0;0;0;0;0
trn;2;291;26;0;0;3
mon;2;291;0;524;17;0;0;0;0;0;0
mon;2;291;1;532;17;0;0;0;0;0;0
mon;2;291;2;524;17;0;0;0;0;0;0
trn;2;292;5;0;0;2
mon;2;292;0;504;12;50;0;0;0;0;0
mon;2;292;1;509;12;50;0;0;0;0;0
trn;2;293;39;0;0;1
mon;2;293;0;504;10;0;0;0;0;0;0
trn;2;294;39;0;0;1
mon;2;294;0;504;12;0;0;0;0;0;0
trn;2;295;39;0;0;1
mon;2;295;0;551;16;0;0;0;0;0;0
trn;2;296;39;0;0;1
mon;2;296;0;504;16;0;0;0;0;0;0
trn;2;297;39;0;0;3
mon;2;297;0;504;14;0;0;0;0;0;0
mon;2;297;1;504;14;0;0;0;0;0;0
mon;2;297;2;551;14;0;0;0;0;0;0
trn;2;298;39;0;0;3
mon;2;298;0;551;26;0;0;0;0;0;0
mon;2;298;1;505;26;0;0;0;0;0;0
mon;2;298;2;559;26;0;0;0;0;0;0
trn;2;299;39;0;0;1
mon;2;299;0;559;28;0;0;0;0;0;0
trn;2;300;39;0;0;2
mon;2;300;0;505;27;0;0;0;0;0;0
mon;2;300;1;551;27;0;0;0;0;0;0
trn;2;301;39;0;0;2
mon;2;301;0;551;27;0;0;0;0;0;0
mon;2;301;1;505;27;0;0;0;0;0;0
trn;2;302;39;0;0;3
mon;2;302;0;505;32;0;0;0;0;0;0
mon;2;302;1;552;32;0;0;0;0;0;0
mon;2;302;2;559;32;0;0;0;0;0;0
trn;2;303;39;0;0;1
mon;2;303;0;505;34;0;0;0;0;0;0
trn;2;304;39;0;0;1
mon;2;304;0;559;34;0;0;0;0;0;0
trn;2;305;39;0;0;2
mon;2;305;0;505;33;0;0;0;0;0;0
mon;2;305;1;552;33;0;0;0;0;0;0
trn;2;306;39;0;0;1
mon;2;306;0;552;34;0;0;0;0;0;0
trn;2;307;39;0;0;1
mon;2;307;0;505;34;0;0;0;0;0;0
trn;2;308;77;0;0;1
mon;2;308;0;509;10;0;0;0;0;0;0
trn;2;309;77;0;0;1
mon;2;309;0;509;16;0;0;0;0;0;0
trn;2;310;77;0;0;2
mon;2;310;0;568;27;0;0;0;0;0;0
mon;2;310;1;510;27;0;0;0;0;0;0
trn;2;311;77;0;0;1
mon;2;311;0;510;28;0;0;0;0;0;0
trn;2;312;77;0;0;2
mon;2;312;0;510;33;0;0;0;0;0;0
mon;2;312;1;510;33;0;0;0;0;0;0
trn;2;313;77;0;0;2
mon;2;313;0;568;33;0;0;0;0;0;0
mon;2;313;1;510;33;0;0;0;0;0;0
trn;2;314;6;0;0;2
mon;2;314;0;100;67;100;0;0;0;0;0
mon;2;314;1;593;67;100;0;0;0;0;0
trn;2;315;6;0;0;1
mon;2;315;0;523;33;100;0;0;0;0;0
trn;2;316;6;0;0;1
mon;2;316;0;523;41;100;0;0;0;0;0
trn;2;317;6;0;0;2
mon;2;317;0;343;67;100;0;0;0;0;0
mon;2;317;1;523;67;100;0;0;0;0;0
trn;2;318;6;0;0;2
mon;2;318;0;547;67;100;0;0;0;0;0
mon;2;318;1;549;67;100;0;0;0;0;0
trn;2;319;73;0;0;2
mon;2;319;0;104;67;100;0;0;0;0;0
mon;2;319;1;625;67;100;0;0;0;0;0
trn;2;320;73;0;0;3
mon;2;320;0;511;31;100;0;0;0;0;0
mon;2;320;1;513;31;100;0;0;0;0;0
mon;2;320;2;515;31;100;0;0;0;0;0
trn;2;321;73;0;0;3
mon;2;321;0;516;39;100;0;0;0;0;0
mon;2;321;1;512;39;100;0;0;0;0;0
mon;2;321;2;514;39;100;0;0;0;0;0
trn;2;322;73;0;0;3
mon;2;322;0;516;66;100;0;0;0;0;0
mon;2;322;1;512;66;100;0;0;0;0;0
mon;2;322;2;514;66;100;0;0;0;0;0
trn;2;323;73;0;0;2
mon;2;323;0;521;67;100;0;0;0;0;0
mon;2;323;1;553;67;100;0;0;0;0;0
trn;2;324;53;0;0;2
mon;2;324;0;337;67;100;0;0;0;0;0
mon;2;324;1;338;67;100;0;0;0;0;0
trn;2;325;53;0;0;1
mon;2;325;0;580;33;100;0;0;0;0;0
trn;2;326;53;0;0;1
mon;2;326;0;581;41;100;0;0;0;0;0
trn;2;327;53;0;0;2
mon;2;327;0;581;67;100;0;0;0;0;0
mon;2;327;1;352;67;100;0;0;0;0;0
trn;2;328;53;0;0;3
mon;2;328;0;276;66;100;0;0;0;0;0
mon;2;328;1;215;66;100;0;0;0;0;0
mon;2;328;2;510;66;100;0;0;0;0;0
trn;2;329;7;0;0;1
mon;2;329;0;205;68;100;0;0;0;0;0
trn;2;330;7;0;0;2
mon;2;330;0;554;32;100;0;0;0;0;0
mon;2;330;1;533;32;100;0;0;0;0;0
trn;2;331;7;0;0;2
mon;2;331;0;533;40;100;0;0;0;0;0
mon;2;331;1;555;40;100;0;0;0;0;0
trn;2;332;7;0;0;3
mon;2;332;0;108;66;100;0;0;0;0;0
mon;2;332;1;555;66;100;0;0;0;0;0
mon;2;332;2;534;66;100;0;0;0;0;0
trn;2;333;7;0;0;3
mon;2;333;0;539;66;100;0;0;0;0;0
mon;2;333;1;538;66;100;0;0;0;0;0
mon;2;333;2;297;66;100;0;0;0;0;0
trn;2;334;45;0;0;2
mon;2;334;0;284;67;100;0;0;0;0;0
mon;2;334;1;626;67;100;0;0;0;0;0
trn;2;335;45;0;0;1
mon;2;335;0;545;33;100;0;0;0;0;0
trn;2;336;45;0;0;1
mon;2;336;0;545;41;100;0;0;0;0;0
trn;2;337;45;0;0;2
mon;2;337;0;458;67;100;0;0;0;0;0
mon;2;337;1;545;67;100;0;0;0;0;0
trn;2;338;45;0;0;2
mon;2;338;0;508;67;100;0;0;0;0;0
mon;2;338;1;526;67;100;0;0;0;0;0
trn;2;339;68;0;1;2
mon;2;339;0;555;39;100;0;0;0;0;0
mon;2;339;1;555;39;100;0;0;0;0;0
trn;2;340;68;0;1;2
mon;2;340;0;555;65;100;0;0;0;0;0
mon;2;340;1;555;65;100;0;0;0;0;0
trn;2;341;68;0;1;2
mon;2;341;0;523;39;100;0;0;0;0;0
mon;2;341;1;523;39;100;0;0;0;0;0
trn;2;342;68;0;1;2
mon;2;342;0;593;65;100;0;0;0;0;0
mon;2;342;1;523;65;100;0;0;0;0;0
trn;2;343;68;0;1;2
mon;2;343;0;545;39;100;0;0;0;0;0
mon;2;343;1;525;39;100;0;0;0;0;0
trn;2;344;68;0;1;2
mon;2;344;0;545;65;100;0;0;0;0;0
mon;2;344;1;526;65;100;0;0;0;0;0
trn;2;345;68;0;1;2
mon;2;345;0;510;65;100;0;0;0;0;0
mon;2;345;1;510;65;100;0;0;0;0;0
trn;2;346;68;0;1;2
mon;2;346;0;512;65;100;0;0;0;0;0
mon;2;346;1;625;65;100;0;0;0;0;0
trn;2;347;69;0;1;2
mon;2;347;0;581;39;100;0;0;0;0;0
mon;2;347;1;581;39;100;0;0;0;0;0
trn;2;348;69;0;1;2
mon;2;348;0;581;65;100;0;0;0;0;0
mon;2;348;1;581;65;100;0;0;0;0;0
trn;2;349;69;0;1;2
mon;2;349;0;516;39;100;0;0;0;0;0
mon;2;349;1;514;39;100;0;0;0;0;0
trn;2;350;69;0;1;2
mon;2;350;0;516;65;100;0;0;0;0;0
mon;2;350;1;514;65;100;0;0;0;0;0
trn;2;351;69;0;1;2
mon;2;351;0;539;65;100;0;0;0;0;0
mon;2;351;1;538;65;100;0;0;0;0;0
trn;2;352;69;0;1;2
mon;2;352;0;547;65;100;0;0;0;0;0
mon;2;352;1;549;65;100;0;0;0;0;0
trn;2;353;69;0;1;2
mon;2;353;0;508;65;100;0;0;0;0;0
mon;2;353;1;626;65;100;0;0;0;0;0
trn;2;354;3;0;0;3
mon;2;354;0;200;63;100;0;0;0;0;0
mon;2;354;1;417;63;100;0;0;0;0;0
mon;2;354;2;301;63;100;0;0;0;0;0
trn;2;355;4;0;0;3
mon;2;355;0;117;63;100;0;0;0;0;0
mon;2;355;1;247;63;100;0;0;0;0;0
mon;2;355;2;148;63;100;0;0;0;0;0
trn;2;356;5;0;0;3
mon;2;356;0;206;63;100;0;0;0;0;0
mon;2;356;1;225;63;100;0;0;0;0;0
mon;2;356;2;370;63;100;0;0;0;0;0
trn;2;357;49;0;0;3
mon;2;357;0;124;65;150;0;0;0;0;0
mon;2;357;1;134;65;150;0;0;0;0;0
mon;2;357;2;472;65;150;0;0;0;0;0
trn;2;358;50;0;0;3
mon;2;358;0;596;65;150;0;0;0;0;0
mon;2;358;1;357;65;150;0;0;0;0;0
mon;2;358;2;473;65;150;0;0;0;0;0
trn;2;359;70;1;0;4
mon;2;359;0;135;64;200;0;247;216;42;87
mon;2;359;1;28;64;200;0;163;89;332;92
mon;2;359;2;227;64;200;0;403;163;400;211
mon;2;359;3;248;65;200;0;444;371;85;58
trn;2;360;71;1;0;4
mon;2;360;0;369;64;200;0;38;246;127;59
mon;2;360;1;219;64;200;0;126;444;360;89
mon;2;360;2;471;64;200;0;59;216;420;247
mon;2;360;3;149;65;200;0;200;17;127;7
trn;2;361;17;0;0;6
mon;2;361;0;438;60;100;0;0;0;0;0
mon;2;361;1;194;60;100;0;0;0;0;0
mon;2;361;2;446;60;100;0;0;0;0;0
mon;2;361;3;27;60;100;0;0;0;0;0
mon;2;361;4;360;60;100;0;0;0;0;0
mon;2;361;5;325;60;100;0;0;0;0;0
trn;2;362;18;0;0;6
mon;2;362;0;220;60;100;0;0;0;0;0
mon;2;362;1;60;60;100;0;0;0;0;0
mon;2;362;2;173;60;100;0;0;0;0;0
mon;2;362;3;443;60;100;0;0;0;0;0
mon;2;362;4;174;60;100;0;0;0;0;0
mon;2;362;5;246;60;100;0;0;0;0;0
trn;2;363;8;0;0;3
mon;2;363;0;366;63;100;0;0;0;0;0
mon;2;363;1;431;63;100;0;0;0;0;0
mon;2;363;2;521;63;100;0;0;0;0;0
trn;2;364;9;0;0;2
mon;2;364;0;54;64;100;0;0;0;0;0
mon;2;364;1;470;64;100;0;0;0;0;0
trn;2;365;52;0;0;2
mon;2;365;0;434;64;100;0;0;0;0;0
mon;2;365;1;89;64;100;0;0;0;0;0
trn;2;366;46;0;0;2
mon;2;366;0;451;64;100;0;0;0;0;0
mon;2;366;1;317;64;100;0;0;0;0;0
trn;2;367;42;0;0;1
mon;2;367;0;314;64;100;0;0;0;0;0
trn;2;368;41;0;0;1
mon;2;368;0;313;64;100;0;0;0;0;0
trn;2;369;75;0;0;2
mon;2;369;0;302;64;100;0;0;0;0;0
mon;2;369;1;510;64;100;0;0;0;0;0
trn;2;370;76;0;0;1
mon;2;370;0;199;65;100;0;0;0;0;0
trn;2;371;51;0;0;3
mon;2;371;0;56;64;150;0;0;0;0;0
mon;2;371;1;214;64;150;0;0;0;0;0
mon;2;371;2;534;64;150;0;0;0;0;0
trn;2;372;64;0;0;1
mon;2;372;0;107;66;150;0;0;0;0;0
trn;2;373;59;0;0;2
mon;2;373;0;79;64;100;0;0;0;0;0
mon;2;373;1;80;64;100;0;0;0;0;0
trn;2;374;60;0;0;5
mon;2;374;0;19;61;100;0;0;0;0;0
mon;2;374;1;161;61;100;0;0;0;0;0
mon;2;374;2;263;61;100;0;0;0;0;0
mon;2;374;3;399;61;100;0;0;0;0;0
mon;2;374;4;504;61;100;0;0;0;0;0
trn;2;375;43;0;0;3
mon;2;375;0;163;63;100;0;0;0;0;0
mon;2;375;1;277;63;100;0;0;0;0;0
mon;2;375;2;521;63;100;0;0;0;0;0
trn;2;376;26;0;0;2
mon;2;376;0;303;64;100;0;0;0;0;0
mon;2;376;1;530;64;100;0;0;0;0;0
trn;2;377;34;0;0;2
mon;2;377;0;324;64;100;0;0;0;0;0
mon;2;377;1;241;64;100;0;0;0;0;0
trn;2;378;13;0;0;2
mon;2;378;0;35;64;100;0;0;0;0;0
mon;2;378;1;36;64;100;0;0;0;0;0
trn;2;379;66;0;0;5
mon;2;379;0;469;62;100;0;0;0;0;0
mon;2;379;1;166;62;100;0;0;0;0;0
mon;2;379;2;402;62;100;0;0;0;0;0
mon;2;379;3;212;62;100;0;0;0;0;0
mon;2;379;4;545;62;100;0;0;0;0;0
trn;2;380;48;0;0;3
mon;2;380;0;420;63;100;0;0;0;0;0
mon;2;380;1;192;63;100;0;0;0;0;0
mon;2;380;2;421;63;100;0;0;0;0;0
trn;2;381;58;0;0;2
mon;2;381;0;109;64;100;0;0;0;0;0
mon;2;381;1;110;64;100;0;0;0;0;0
trn;2;382;28;0;0;1
mon;2;382;0;136;65;100;0;0;0;0;0
trn;2;383;27;0;0;1
mon;2;383;0;335;65;100;0;0;0;0;0
trn;2;384;61;0;0;1
mon;2;384;0;531;65;100;0;0;0;0;0
trn;2;385;62;0;0;1
mon;2;385;0;531;65;100;0;0;0;0;0
trn;2;386;35;0;0;3
mon;2;386;0;203;64;100;0;0;0;0;0
mon;2;386;1;561;64;100;0;0;0;0;0
mon;2;386;2;344;64;100;0;0;0;0;0
trn;2;387;36;0;0;2
mon;2;387;0;429;65;100;0;0;0;0;0
mon;2;387;1;576;65;100;0;0;0;0;0
trn;2;388;83;0;0;2
mon;2;388;0;50;64;100;0;0;0;0;0
mon;2;388;1;51;64;100;0;0;0;0;0
trn;2;389;84;0;0;4
mon;2;389;0;550;32;0;0;0;0;0;0
mon;2;389;1;550;32;0;0;0;0;0;0
mon;2;389;2;550;32;0;0;0;0;0;0
mon;2;389;3;550;32;0;0;0;0;0;0
trn;2;390;85;0;0;1
mon;2;390;0;594;35;0;0;0;0;0;0
trn;2;391;31;0;0;2
mon;2;391;0;122;64;100;0;0;0;0;0
mon;2;391;1;122;64;100;0;0;0;0;0
trn;2;392;30;0;0;2
mon;2;392;0;441;64;100;0;0;0;0;0
mon;2;392;1;40;64;100;0;0;0;0;0
trn;2;393;32;0;0;2
mon;2;393;0;102;64;100;0;0;0;0;0
mon;2;393;1;101;64;100;0;0;0;0;0
trn;2;394;33;1;0;1
mon;2;394;0;235;65;100;0;126;59;87;542
trn;2;395;86;0;0;2
mon;2;395;0;59;65;100;0;0;0;0;0
mon;2;395;1;620;65;100;0;0;0;0;0
trn;2;396;87;0;0;2
mon;2;396;0;58;64;100;0;0;0;0;0
mon;2;396;1;573;64;100;0;0;0;0;0
trn;2;397;65;1;0;1
mon;2;397;0;351;65;100;0;311;241;240;258
trn;2;398;74;0;0;3
mon;2;398;0;74;63;100;0;0;0;0;0
mon;2;398;1;75;63;100;0;0;0;0;0
mon;2;398;2;76;63;100;0;0;0;0;0
trn;2;399;14;0;0;1
mon;2;399;0;238;64;100;0;0;0;0;0
trn;2;400;15;0;0;1
mon;2;400;0;439;64;100;0;0;0;0;0
trn;2;401;14;2;0;1
mon;2;401;0;507;26;0;158;0;0;0;0
trn;2;402;15;2;0;1
mon;2;402;0;507;26;0;158;0;0;0;0
trn;2;403;37;2;0;4
mon;2;403;0;519;20;80;0;0;0;0;0
mon;2;403;1;510;20;80;0;0;0;0;0
mon;2;403;2;511;20;80;0;0;0;0;0
mon;2;403;3;499;22;80;158;0;0;0;0
trn;2;404;37;2;0;4
mon;2;404;0;519;20;80;0;0;0;0;0
mon;2;404;1;510;20;80;0;0;0;0;0
mon;2;404;2;513;20;80;0;0;0;0;0
mon;2;404;3;502;22;80;158;0;0;0;0
trn;2;405;37;2;0;4
mon;2;405;0;519;20;80;0;0;0;0;0
mon;2;405;1;510;20;80;0;0;0;0;0
mon;2;405;2;515;20;80;0;0;0;0;0
mon;2;405;3;496;22;80;158;0;0;0;0
trn;2;406;88;0;0;1
mon;2;406;0;504;10;0;0;0;0;0;0
trn;2;407;89;1;0;6
mon;2;407;0;617;75;250;0;411;405;382;412
mon;2;407;1;626;75;250;0;543;224;89;444
mon;2;407;2;621;75;250;0;200;276;400;371
mon;2;407;3;584;75;250;0;59;430;113;151
mon;2;407;4;589;75;250;0;404;442;332;416
mon;2;407;5;637;77;250;0;315;483;405;63
trn;2;408;90;0;0;2
mon;2;408;0;544;22;0;0;0;0;0;0
mon;2;408;1;544;22;0;0;0;0;0;0
trn;2;409;91;0;0;2
mon;2;409;0;580;22;0;0;0;0;0;0
mon;2;409;1;510;22;0;0;0;0;0;0
trn;2;410;49;0;0;3
mon;2;410;0;432;68;150;0;0;0;0;0
mon;2;410;1;196;68;150;0;0;0;0;0
mon;2;410;2;131;68;150;0;0;0;0;0
trn;2;411;50;0;0;3
mon;2;411;0;359;68;150;0;0;0;0;0
mon;2;411;1;85;68;150;0;0;0;0;0
mon;2;411;2;365;68;150;0;0;0;0;0
trn;2;412;86;0;0;1
mon;2;412;0;507;24;0;0;0;0;0;0
trn;2;413;84;0;0;2
mon;2;413;0;592;34;0;0;0;0;0;0
mon;2;413;1;516;34;0;0;0;0;0;0
trn;2;414;51;0;0;2
mon;2;414;0;539;65;150;0;0;0;0;0
mon;2;414;1;106;65;150;0;0;0;0;0
trn;2;415;51;0;0;3
mon;2;415;0;57;64;150;0;0;0;0;0
mon;2;415;1;560;64;150;0;0;0;0;0
mon;2;415;2;62;64;150;0;0;0;0;0
trn;2;416;33;0;0;1
mon;2;416;0;323;65;0;0;0;0;0;0
trn;2;417;46;0;0;2
mon;2;417;0;39;64;100;0;0;0;0;0
mon;2;417;1;518;64;100;0;0;0;0;0
trn;2;418;46;0;0;3
mon;2;418;0;61;63;100;0;0;0;0;0
mon;2;418;1;518;63;100;0;0;0;0;0
mon;2;418;2;47;63;100;0;0;0;0;0
trn;2;419;52;0;0;3
mon;2;419;0;96;63;100;0;0;0;0;0
mon;2;419;1;518;63;100;0;0;0;0;0
mon;2;419;2;97;63;100;0;0;0;0;0
trn;2;420;52;0;0;2
mon;2;420;0;518;64;100;0;0;0;0;0
mon;2;420;1;234;64;100;0;0;0;0;0
trn;2;421;52;0;0;1
mon;2;421;0;569;35;100;0;0;0;0;0
trn;2;422;36;0;0;3
mon;2;422;0;177;64;100;0;0;0;0;0
mon;2;422;1;178;64;100;0;0;0;0;0
mon;2;422;2;354;64;100;0;0;0;0;0
trn;2;423;35;0;0;2
mon;2;423;0;121;65;100;0;0;0;0;0
mon;2;423;1;202;65;100;0;0;0;0;0
trn;2;424;35;0;0;4
mon;2;424;0;374;63;100;0;0;0;0;0
mon;2;424;1;375;63;100;0;0;0;0;0
mon;2;424;2;606;63;100;0;0;0;0;0
mon;2;424;3;579;63;100;0;0;0;0;0
trn;2;425;76;0;0;2
mon;2;425;0;83;64;0;0;0;0;0;0
mon;2;425;1;210;64;0;0;0;0;0;0
trn;2;426;75;0;0;2
mon;2;426;0;401;64;0;0;0;0;0;0
mon;2;426;1;358;64;0;0;0;0;0;0
trn;2;427;4;0;0;3
mon;2;427;0;13;63;50;0;0;0;0;0
mon;2;427;1;14;63;50;0;0;0;0;0
mon;2;427;2;15;63;50;0;0;0;0;0
trn;2;428;5;0;0;2
mon;2;428;0;46;64;50;0;0;0;0;0
mon;2;428;1;413;64;50;0;0;0;0;0
trn;2;429;59;0;0;4
mon;2;429;0;316;62;0;0;0;0;0;0
mon;2;429;1;333;62;0;0;0;0;0;0
mon;2;429;2;363;62;0;0;0;0;0;0
mon;2;429;3;425;62;0;0;0;0;0;0
trn;2;430;2;0;0;3
mon;2;430;0;290;63;0;0;0;0;0;0
mon;2;430;1;11;63;0;0;0;0;0;0
mon;2;430;2;414;63;0;0;0;0;0;0
trn;2;431;29;0;0;4
mon;2;431;0;339;62;0;0;0;0;0;0
mon;2;431;1;341;62;0;0;0;0;0;0
mon;2;431;2;318;62;0;0;0;0;0;0
mon;2;431;3;340;62;0;0;0;0;0;0
trn;2;432;29;0;0;2
mon;2;432;0;550;34;0;0;0;0;0;0
mon;2;432;1;550;34;0;0;0;0;0;0
trn;2;433;29;0;0;3
mon;2;433;0;72;63;0;0;0;0;0;0
mon;2;433;1;211;63;0;0;0;0;0;0
mon;2;433;2;73;63;0;0;0;0;0;0
trn;2;434;29;0;0;6
mon;2;434;0;129;60;0;0;0;0;0;0
mon;2;434;1;129;60;0;0;0;0;0;0
mon;2;434;2;129;60;0;0;0;0;0;0
mon;2;434;3;129;60;0;0;0;0;0;0
mon;2;434;4;129;60;0;0;0;0;0;0
mon;2;434;5;129;60;0;0;0;0;0;0
trn;2;435;29;0;0;3
mon;2;435;0;349;63;0;0;0;0;0;0
mon;2;435;1;223;63;0;0;0;0;0;0
mon;2;435;2;99;63;0;0;0;0;0;0
trn;2;436;29;0;0;2
mon;2;436;0;98;64;0;0;0;0;0;0
mon;2;436;1;224;64;0;0;0;0;0;0
trn;2;437;28;0;0;1
mon;2;437;0;459;65;0;0;0;0;0;0
trn;2;438;28;0;0;1
mon;2;438;0;541;23;0;0;0;0;0;0
trn;2;439;28;0;0;1
mon;2;439;0;587;35;0;0;0;0;0;0
trn;2;440;27;0;0;1
mon;2;440;0;453;65;0;0;0;0;0;0
trn;2;441;27;0;0;1
mon;2;441;0;547;35;0;0;0;0;0;0
trn;2;442;27;0;0;1
mon;2;442;0;559;23;0;0;0;0;0;0
trn;2;443;27;0;0;1
mon;2;443;0;529;23;0;0;0;0;0;0
trn;2;444;64;0;0;3
mon;2;444;0;307;64;150;0;0;0;0;0
mon;2;444;1;308;64;150;0;0;0;0;0
mon;2;444;2;237;64;150;0;0;0;0;0
trn;2;445;64;0;0;2
mon;2;445;0;559;35;150;0;0;0;0;0
mon;2;445;1;533;35;150;0;0;0;0;0
trn;2;446;65;0;0;3
mon;2;446;0;283;63;0;0;0;0;0;0
mon;2;446;1;118;63;0;0;0;0;0;0
mon;2;446;2;119;63;0;0;0;0;0;0
trn;2;447;85;0;0;2
mon;2;447;0;580;34;0;0;0;0;0;0
mon;2;447;1;592;34;0;0;0;0;0;0
trn;2;448;69;0;1;2
mon;2;448;0;528;65;0;0;0;0;0;0
mon;2;448;1;528;65;0;0;0;0;0;0
trn;2;449;16;0;1;2
mon;2;449;0;311;64;0;0;0;0;0;0
mon;2;449;1;312;64;0;0;0;0;0;0
trn;2;450;70;1;0;3
mon;2;450;0;550;35;200;0;242;36;453;401
mon;2;450;1;512;35;200;0;447;490;154;371
mon;2;450;2;555;36;200;0;359;394;37;447
trn;2;451;17;0;0;3
mon;2;451;0;296;63;100;0;0;0;0;0
mon;2;451;1;236;63;100;0;0;0;0;0
mon;2;451;2;447;63;100;0;0;0;0;0
trn;2;452;18;0;0;5
mon;2;452;0;353;61;100;0;0;0;0;0
mon;2;452;1;300;61;100;0;0;0;0;0
mon;2;452;2;361;61;100;0;0;0;0;0
mon;2;452;3;331;61;100;0;0;0;0;0
mon;2;452;4;231;61;100;0;0;0;0;0
trn;2;453;25;0;0;3
mon;2;453;0;78;64;150;0;0;0;0;0
mon;2;453;1;332;64;150;0;0;0;0;0
mon;2;453;2;226;64;150;0;0;0;0;0
trn;2;454;25;0;0;2
mon;2;454;0;334;65;150;0;0;0;0;0
mon;2;454;1;460;65;150;0;0;0;0;0
trn;2;455;24;0;0;3
mon;2;455;0;87;64;150;0;0;0;0;0
mon;2;455;1;127;64;150;0;0;0;0;0
mon;2;455;2;279;64;150;0;0;0;0;0
trn;2;456;24;0;0;2
mon;2;456;0;105;65;150;0;0;0;0;0
mon;2;456;1;103;65;150;0;0;0;0;0
trn;2;457;3;0;0;3
mon;2;457;0;427;63;0;0;0;0;0;0
mon;2;457;1;285;63;0;0;0;0;0;0
mon;2;457;2;209;63;0;0;0;0;0;0
trn;2;458;74;0;0;3
mon;2;458;0;449;63;0;0;0;0;0;0
mon;2;458;1;221;63;0;0;0;0;0;0
mon;2;458;2;476;63;0;0;0;0;0;0
trn;2;459;74;0;0;3
mon;2;459;0;450;63;0;0;0;0;0;0
mon;2;459;1;207;63;0;0;0;0;0;0
mon;2;459;2;95;63;0;0;0;0;0;0
trn;2;460;74;0;0;2
mon;2;460;0;525;34;0;0;0;0;0;0
mon;2;460;1;558;34;0;0;0;0;0;0
trn;2;461;48;0;0;1
mon;2;461;0;189;40;0;0;0;0;0;0
trn;2;462;48;0;0;1
mon;2;462;0;71;40;0;0;0;0;0;0
trn;2;463;49;0;0;2
mon;2;463;0;282;61;150;0;0;0;0;0
mon;2;463;1;475;61;150;0;0;0;0;0
trn;2;464;50;0;0;1
mon;2;464;0;467;62;150;0;0;0;0;0
trn;2;465;42;0;0;2
mon;2;465;0;45;34;0;0;0;0;0;0
mon;2;465;1;182;34;0;0;0;0;0;0
trn;2;466;41;0;0;1
mon;2;466;0;181;35;0;0;0;0;0;0
trn;2;467;51;0;0;1
mon;2;467;0;68;56;150;0;0;0;0;0
trn;2;468;52;0;0;1
mon;2;468;0;31;50;100;0;0;0;0;0
trn;2;469;46;0;0;1
mon;2;469;0;462;50;100;0;0;0;0;0
trn;2;470;66;0;0;1
mon;2;470;0;405;40;0;0;0;0;0;0
trn;2;471;66;0;0;1
mon;2;471;0;65;40;0;0;0;0;0;0
trn;2;472;76;0;0;1
mon;2;472;0;407;40;0;0;0;0;0;0
trn;2;473;4;0;0;1
mon;2;473;0;18;45;50;0;0;0;0;0
trn;2;474;5;0;0;2
mon;2;474;0;267;44;50;0;0;0;0;0
mon;2;474;1;269;44;50;0;0;0;0;0
trn;2;475;57;0;0;1
mon;2;475;0;94;30;0;0;0;0;0;0
trn;2;476;2;0;0;1
mon;2;476;0;466;30;0;0;0;0;0;0
trn;2;477;28;0;0;1
mon;2;477;0;184;30;0;0;0;0;0;0
trn;2;478;28;0;0;1
mon;2;478;0;242;30;0;0;0;0;0;0
trn;2;479;27;0;0;1
mon;2;479;0;398;30;0;0;0;0;0;0
trn;2;480;27;0;0;1
mon;2;480;0;474;30;0;0;0;0;0;0
trn;2;481;64;0;0;1
mon;2;481;0;289;56;150;0;0;0;0;0
trn;2;482;71;0;0;1
mon;2;482;0;295;67;200;0;0;0;0;0
trn;2;483;70;0;0;1
mon;2;483;0;34;67;200;0;0;0;0;0
trn;2;484;3;0;0;1
mon;2;484;0;468;30;0;0;0;0;0;0
trn;2;485;74;0;0;1
mon;2;485;0;306;40;0;0;0;0;0;0
trn;2;486;25;0;0;1
mon;2;486;0;330;61;150;0;0;0;0;0
trn;2;487;24;0;0;1
mon;2;487;0;272;61;150;0;0;0;0;0
trn;2;488;75;0;0;1
mon;2;488;0;373;40;0;0;0;0;0;0
trn;2;489;13;0;0;1
mon;2;489;0;275;40;30;0;0;0;0;0
trn;2;490;4;0;0;1
mon;2;490;0;464;45;50;0;0;0;0;0
trn;2;491;38;0;0;4
mon;2;491;0;507;26;100;0;0;0;0;0
mon;2;491;1;513;26;100;0;0;0;0;0
mon;2;491;2;518;26;100;0;0;0;0;0
mon;2;491;3;502;28;100;0;0;0;0;0
trn;2;492;38;0;0;4
mon;2;492;0;507;26;100;0;0;0;0;0
mon;2;492;1;515;26;100;0;0;0;0;0
mon;2;492;2;518;26;100;0;0;0;0;0
mon;2;492;3;496;28;100;0;0;0;0;0
trn;2;493;38;0;0;4
mon;2;493;0;507;26;100;0;0;0;0;0
mon;2;493;1;511;26;100;0;0;0;0;0
mon;2;493;2;518;26;100;0;0;0;0;0
mon;2;493;3;499;28;100;0;0;0;0;0
trn;2;494;38;0;0;4
mon;2;494;0;508;38;150;0;0;0;0;0
mon;2;494;1;514;38;150;0;0;0;0;0
mon;2;494;2;518;38;150;0;0;0;0;0
mon;2;494;3;503;40;150;0;0;0;0;0
trn;2;495;38;0;0;4
mon;2;495;0;508;38;150;0;0;0;0;0
mon;2;495;1;516;38;150;0;0;0;0;0
mon;2;495;2;518;38;150;0;0;0;0;0
mon;2;495;3;497;40;150;0;0;0;0;0
trn;2;496;38;0;0;4
mon;2;496;0;508;38;150;0;0;0;0;0
mon;2;496;1;512;38;150;0;0;0;0;0
mon;2;496;2;518;38;150;0;0;0;0;0
mon;2;496;3;500;40;150;0;0;0;0;0
trn;2;497;47;0;0;1
mon;2;497;0;504;10;0;0;0;0;0;0
trn;2;498;38;0;0;2
mon;2;498;0;506;6;30;0;0;0;0;0
mon;2;498;1;501;7;30;0;0;0;0;0
trn;2;499;38;0;0;2
mon;2;499;0;506;6;30;0;0;0;0;0
mon;2;499;1;495;7;30;0;0;0;0;0
trn;2;500;38;0;0;2
mon;2;500;0;506;6;30;0;0;0;0;0
mon;2;500;1;498;7;30;0;0;0;0;0
trn;2;501;14;0;0;2
mon;2;501;0;546;13;0;0;0;0;0;0
mon;2;501;1;548;13;0;0;0;0;0;0
trn;2;502;15;0;0;1
mon;2;502;0;524;14;0;0;0;0;0;0
trn;2;503;32;0;0;2
mon;2;503;0;587;30;0;0;0;0;0;0
mon;2;503;1;561;30;0;0;0;0;0;0
trn;2;504;32;0;0;3
mon;2;504;0;602;29;0;0;0;0;0;0
mon;2;504;1;580;29;0;0;0;0;0;0
mon;2;504;2;520;29;0;0;0;0;0;0
trn;2;505;65;0;0;2
mon;2;505;0;535;18;0;0;0;0;0;0
mon;2;505;1;535;18;0;0;0;0;0;0
trn;2;506;92;0;2;3
mon;2;506;0;550;27;0;0;0;0;0;0
mon;2;506;1;552;27;0;0;0;0;0;0
mon;2;506;2;523;27;0;0;0;0;0;0
trn;2;507;38;0;0;4
mon;2;507;0;507;18;50;0;0;0;0;0
mon;2;507;1;513;18;50;0;0;0;0;0
mon;2;507;2;517;18;50;0;0;0;0;0
mon;2;507;3;502;20;50;0;0;0;0;0
trn;2;508;38;0;0;4
mon;2;508;0;507;18;50;0;0;0;0;0
mon;2;508;1;515;18;50;0;0;0;0;0
mon;2;508;2;517;18;50;0;0;0;0;0
mon;2;508;3;496;20;50;0;0;0;0;0
trn;2;509;38;0;0;4
mon;2;509;0;507;18;50;0;0;0;0;0
mon;2;509;1;511;18;50;0;0;0;0;0
mon;2;509;2;517;18;50;0;0;0;0;0
mon;2;509;3;499;20;50;0;0;0;0;0
trn;2;510;37;0;0;1
mon;2;510;0;504;10;0;0;0;0;0;0
trn;2;511;37;0;0;1
mon;2;511;0;504;10;0;0;0;0;0;0
trn;2;512;37;0;0;1
mon;2;512;0;504;10;0;0;0;0;0;0
trn;2;513;49;0;3;3
mon;2;513;0;512;39;100;0;0;0;0;0
mon;2;513;1;514;39;100;0;0;0;0;0
mon;2;513;2;516;39;100;0;0;0;0;0
trn;2;514;50;0;2;3
mon;2;514;0;514;39;100;0;0;0;0;0
mon;2;514;1;516;39;100;0;0;0;0;0
mon;2;514;2;512;39;100;0;0;0;0;0
trn;2;515;2;0;0;1
mon;2;515;0;573;10;0;0;0;0;0;0
trn;2;516;3;0;0;1
mon;2;516;0;549;10;0;0;0;0;0;0
trn;2;517;3;0;0;1
mon;2;517;0;547;10;0;0;0;0;0;0
trn;2;518;49;0;0;3
mon;2;518;0;583;35;100;0;0;0;0;0
mon;2;518;1;575;35;100;0;0;0;0;0
mon;2;518;2;578;35;100;0;0;0;0;0
trn;2;519;50;0;0;3
mon;2;519;0;552;35;100;0;0;0;0;0
mon;2;519;1;536;35;100;0;0;0;0;0
mon;2;519;2;600;35;100;0;0;0;0;0
trn;2;520;93;0;0;1
mon;2;520;0;418;60;100;0;0;0;0;0
trn;2;521;49;0;0;1
mon;2;521;0;504;10;0;0;0;0;0;0
trn;2;522;50;0;0;1
mon;2;522;0;504;10;0;0;0;0;0;0
trn;2;523;94;0;0;5
mon;2;523;0;461;64;200;0;0;0;0;0
mon;2;523;1;530;64;200;0;0;0;0;0
mon;2;523;2;631;64;200;0;0;0;0;0
mon;2;523;3;416;64;200;0;0;0;0;0
mon;2;523;4;230;64;200;0;0;0;0;0
trn;2;524;95;0;0;3
mon;2;524;0;436;62;150;0;0;0;0;0
mon;2;524;1;115;62;150;0;0;0;0;0
mon;2;524;2;623;62;150;0;0;0;0;0
trn;2;525;96;0;0;4
mon;2;525;0;213;63;150;0;0;0;0;0
mon;2;525;1;463;63;150;0;0;0;0;0
mon;2;525;2;553;63;150;0;0;0;0;0
mon;2;525;3;186;63;150;0;0;0;0;0
trn;2;526;52;0;0;2
mon;2;526;0;599;34;100;0;0;0;0;0
mon;2;526;1;600;34;100;0;0;0;0;0
trn;2;527;72;0;3;1
mon;2;527;0;504;10;0;0;0;0;0;0
trn;2;528;27;0;3;3
mon;2;528;0;614;65;100;0;0;0;0;0
mon;2;528;1;530;65;100;0;0;0;0;0
mon;2;528;2;631;65;100;0;0;0;0;0
trn;2;529;4;0;2;3
mon;2;529;0;579;65;100;0;0;0;0;0
mon;2;529;1;563;65;100;0;0;0;0;0
mon;2;529;2;560;65;100;0;0;0;0;0
trn;2;530;13;0;2;3
mon;2;530;0;584;65;100;0;0;0;0;0
mon;2;530;1;573;65;100;0;0;0;0;0
mon;2;530;2;609;65;100;0;0;0;0;0
trn;2;531;25;0;0;2
mon;2;531;0;528;35;100;0;0;0;0;0
mon;2;531;1;514;35;100;0;0;0;0;0
trn;2;532;24;0;0;2
mon;2;532;0;573;35;100;0;0;0;0;0
mon;2;532;1;523;35;100;0;0;0;0;0
trn;2;533;29;0;0;2
mon;2;533;0;592;34;0;0;0;0;0;0
mon;2;533;1;592;34;0;0;0;0;0;0
trn;2;534;50;0;0;1
mon;2;534;0;504;10;0;0;0;0;0;0
trn;2;535;74;0;0;1
mon;2;535;0;525;25;0;0;0;0;0;0
trn;2;536;14;0;0;1
mon;2;536;0;577;24;0;0;0;0;0;0
trn;2;537;31;0;0;1
mon;2;537;0;554;25;0;0;0;0;0;0
trn;2;538;9;0;0;1
mon;2;538;0;541;25;0;0;0;0;0;0
trn;2;539;37;2;0;4
mon;2;539;0;521;33;200;232;0;0;0;0
mon;2;539;1;510;33;200;158;0;0;0;0
mon;2;539;2;512;33;200;239;0;0;0;0
mon;2;539;3;499;35;200;234;0;0;0;0
trn;2;540;37;2;0;4
mon;2;540;0;521;33;200;232;0;0;0;0
mon;2;540;1;510;33;200;158;0;0;0;0
mon;2;540;2;514;33;200;249;0;0;0;0
mon;2;540;3;502;35;200;234;0;0;0;0
trn;2;541;37;2;0;4
mon;2;541;0;521;33;200;232;0;0;0;0
mon;2;541;1;510;33;200;158;0;0;0;0
mon;2;541;2;516;33;200;243;0;0;0;0
mon;2;541;3;496;35;200;234;0;0;0;0
trn;2;542;97;3;0;6
mon;2;542;0;510;75;250;0;389;400;252;447
mon;2;542;1;516;75;250;204;57;371;512;242
mon;2;542;2;514;75;250;204;53;371;512;242
mon;2;542;3;512;75;250;204;412;371;512;242
mon;2;542;4;528;75;250;0;94;283;403;473
mon;2;542;5;523;77;250;0;528;228;416;488
trn;2;543;87;0;0;1
mon;2;543;0;587;65;0;0;0;0;0;0
trn;2;544;72;0;0;1
mon;2;544;0;626;37;0;0;0;0;0;0
trn;2;545;72;0;0;3
mon;2;545;0;595;35;0;0;0;0;0;0
mon;2;545;1;559;35;0;0;0;0;0;0
mon;2;545;2;552;35;0;0;0;0;0;0
trn;2;546;62;0;0;1
mon;2;546;0;517;15;0;0;0;0;0;0
trn;2;547;98;0;0;2
mon;2;547;0;216;61;100;0;0;0;0;0
mon;2;547;1;428;61;100;0;0;0;0;0
trn;2;548;99;0;0;6
mon;2;548;0;232;65;200;0;0;0;0;0
mon;2;548;1;625;65;200;0;0;0;0;0
mon;2;548;2;171;65;200;0;0;0;0;0
mon;2;548;3;465;65;200;0;0;0;0;0
mon;2;548;4;628;65;200;0;0;0;0;0
mon;2;548;5;612;65;200;0;0;0;0;0
trn;2;549;25;0;0;1
mon;2;549;0;580;24;100;0;0;0;0;0
trn;2;550;24;0;0;2
mon;2;550;0;554;23;100;0;0;0;0;0
mon;2;550;1;522;23;100;0;0;0;0;0
trn;2;551;34;0;0;2
mon;2;551;0;415;64;0;0;0;0;0;0
mon;2;551;1;217;64;0;0;0;0;0;0
trn;2;552;39;0;0;2
mon;2;552;0;551;17;0;0;0;0;0;0
mon;2;552;1;551;17;0;0;0;0;0;0
trn;2;553;39;0;0;1
mon;2;553;0;504;18;0;0;0;0;0;0
trn;2;554;39;0;0;2
mon;2;554;0;551;17;0;0;0;0;0;0
mon;2;554;1;504;17;0;0;0;0;0;0
trn;2;555;39;0;0;1
mon;2;555;0;551;18;0;0;0;0;0;0
trn;2;556;39;0;0;2
mon;2;556;0;504;17;0;0;0;0;0;0
mon;2;556;1;559;17;0;0;0;0;0;0
trn;2;557;39;0;0;1
mon;2;557;0;505;20;0;0;0;0;0;0
trn;2;558;40;0;0;1
mon;2;558;0;504;10;0;0;0;0;0;0
trn;2;559;40;0;0;1
mon;2;559;0;504;10;0;0;0;0;0;0
trn;2;560;40;0;0;1
mon;2;560;0;504;10;0;0;0;0;0;0
trn;2;561;40;0;0;1
mon;2;561;0;504;10;0;0;0;0;0;0
trn;2;562;70;0;0;1
mon;2;562;0;504;10;0;0;0;0;0;0
trn;2;563;78;1;0;6
mon;2;563;0;563;71;250;0;247;94;261;412
mon;2;563;1;593;71;250;0;247;94;56;482
mon;2;563;2;478;71;250;0;247;94;59;420
mon;2;563;3;426;71;250;0;247;94;512;87
mon;2;563;4;623;71;250;0;325;89;359;174
mon;2;563;5;609;73;250;0;247;94;126;371
trn;2;564;79;1;0;6
mon;2;564;0;286;71;250;0;183;147;447;327
mon;2;564;1;539;71;250;0;370;514;444;398
mon;2;564;2;538;71;250;0;276;514;89;447
mon;2;564;3;454;71;250;0;474;92;490;89
mon;2;564;4;620;71;250;0;136;369;512;252
mon;2;564;5;534;73;250;0;359;89;444;371
trn;2;565;80;1;0;6
mon;2;565;0;319;71;250;0;453;400;127;89
mon;2;565;1;510;71;250;0;389;252;332;213
mon;2;565;2;560;71;250;0;457;242;280;398
mon;2;565;3;452;71;250;0;422;305;424;242
mon;2;565;4;553;71;250;0;479;89;492;200
mon;2;565;5;625;73;250;0;12;400;404;332
trn;2;566;81;1;0;6
mon;2;566;0;518;71;250;0;94;138;95;115
mon;2;566;1;561;71;250;0;403;94;430;58
mon;2;566;2;437;71;250;0;371;430;94;451
mon;2;566;3;579;71;250;0;94;87;412;411
mon;2;566;4;576;71;250;0;94;371;260;85
mon;2;566;5;376;73;250;0;428;418;89;416
trn;2;567;100;1;0;6
mon;2;567;0;442;75;250;0;389;247;261;104
mon;2;567;1;604;75;250;0;242;528;337;53
mon;2;567;2;350;75;250;0;56;59;523;525
mon;2;567;3;628;75;250;0;413;306;421;514
mon;2;567;4;448;75;250;0;245;406;370;396
mon;2;567;5;445;77;250;0;407;242;89;444
trn;2;568;84;0;0;2
mon;2;568;0;320;64;0;0;0;0;0;0
mon;2;568;1;320;64;0;0;0;0;0;0
trn;2;569;84;0;0;3
mon;2;569;0;120;63;0;0;0;0;0;0
mon;2;569;1;278;63;0;0;0;0;0;0
mon;2;569;2;593;63;0;0;0;0;0;0
trn;2;570;84;0;0;2
mon;2;570;0;195;64;0;0;0;0;0;0
mon;2;570;1;55;64;0;0;0;0;0;0
trn;2;571;85;0;0;3
mon;2;571;0;90;63;0;0;0;0;0;0
mon;2;571;1;170;63;0;0;0;0;0;0
mon;2;571;2;593;63;0;0;0;0;0;0
trn;2;572;85;0;0;2
mon;2;572;0;86;64;0;0;0;0;0;0
mon;2;572;1;594;64;0;0;0;0;0;0
trn;2;573;85;0;0;1
mon;2;573;0;222;65;0;0;0;0;0;0
trn;2;574;3;0;0;3
mon;2;574;0;412;63;0;0;0;0;0;0
mon;2;574;1;114;63;0;0;0;0;0;0
mon;2;574;2;586;63;0;0;0;0;0;0
trn;2;575;2;0;0;5
mon;2;575;0;10;61;0;0;0;0;0;0
mon;2;575;1;167;61;0;0;0;0;0;0
mon;2;575;2;204;61;0;0;0;0;0;0
mon;2;575;3;284;61;0;0;0;0;0;0
mon;2;575;4;545;61;0;0;0;0;0;0
trn;2;576;2;0;0;3
mon;2;576;0;193;63;0;0;0;0;0;0
mon;2;576;1;165;63;0;0;0;0;0;0
mon;2;576;2;291;63;0;0;0;0;0;0
trn;2;577;28;0;0;1
mon;2;577;0;322;65;0;0;0;0;0;0
trn;2;578;27;0;0;1
mon;2;578;0;42;65;0;0;0;0;0;0
trn;2;579;5;0;0;6
mon;2;579;0;41;60;50;0;0;0;0;0
mon;2;579;1;261;60;50;0;0;0;0;0
mon;2;579;2;84;60;50;0;0;0;0;0
mon;2;579;3;299;60;50;0;0;0;0;0
mon;2;579;4;218;60;50;0;0;0;0;0
mon;2;579;5;309;60;50;0;0;0;0;0
trn;2;580;46;0;0;4
mon;2;580;0;591;62;100;0;0;0;0;0
mon;2;580;1;23;62;100;0;0;0;0;0
mon;2;580;2;88;62;100;0;0;0;0;0
mon;2;580;3;336;62;100;0;0;0;0;0
trn;2;581;3;0;0;3
mon;2;581;0;116;63;0;0;0;0;0;0
mon;2;581;1;191;63;0;0;0;0;0;0
mon;2;581;2;77;63;0;0;0;0;0;0
trn;2;582;25;0;0;3
mon;2;582;0;587;34;100;0;0;0;0;0
mon;2;582;1;556;34;100;0;0;0;0;0
mon;2;582;2;594;34;100;0;0;0;0;0
trn;2;583;24;0;0;2
mon;2;583;0;583;35;100;0;0;0;0;0
mon;2;583;1;611;35;100;0;0;0;0;0
trn;2;584;29;0;0;2
mon;2;584;0;550;34;0;0;0;0;0;0
mon;2;584;1;618;34;0;0;0;0;0;0
trn;2;585;65;0;0;2
mon;2;585;0;592;34;0;0;0;0;0;0
mon;2;585;1;592;34;0;0;0;0;0;0
trn;2;586;101;1;0;6
mon;2;586;0;643;52;250;0;326;63;115;558
mon;2;586;1;565;50;250;0;453;127;444;242
mon;2;586;2;584;50;250;0;524;59;258;430
mon;2;586;3;567;50;250;0;337;512;444;242
mon;2;586;4;571;50;250;0;400;53;411;514
mon;2;586;5;601;50;250;0;85;430;63;319
trn;2;587;101;1;0;6
mon;2;587;0;644;52;250;0;428;416;113;559
mon;2;587;1;565;50;250;0;453;127;444;242
mon;2;587;2;584;50;250;0;524;59;258;430
mon;2;587;3;567;50;250;0;337;512;444;242
mon;2;587;4;571;50;250;0;400;53;411;514
mon;2;587;5;601;50;250;0;85;430;63;319
trn;2;588;37;2;0;4
mon;2;588;0;521;43;250;232;0;0;0;0
mon;2;588;1;510;43;250;158;0;0;0;0
mon;2;588;2;512;43;250;239;0;0;0;0
mon;2;588;3;500;45;250;234;0;0;0;0
trn;2;589;37;2;0;4
mon;2;589;0;521;43;250;232;0;0;0;0
mon;2;589;1;510;43;250;158;0;0;0;0
mon;2;589;2;514;43;250;249;0;0;0;0
mon;2;589;3;503;45;250;234;0;0;0;0
trn;2;590;37;2;0;4
mon;2;590;0;521;43;250;232;0;0;0;0
mon;2;590;1;510;43;250;158;0;0;0;0
mon;2;590;2;516;43;250;243;0;0;0;0
mon;2;590;3;497;45;250;234;0;0;0;0
trn;2;591;37;3;0;6
mon;2;591;0;510;65;250;158;252;400;421;332
mon;2;591;1;512;65;250;239;412;280;371;157
mon;2;591;2;521;65;250;232;403;98;263;369
mon;2;591;3;526;65;250;234;444;446;89;416
mon;2;591;4;612;65;250;561;200;157;404;57
mon;2;591;5;500;67;250;275;394;457;280;528
trn;2;592;37;3;0;6
mon;2;592;0;510;65;250;158;252;400;421;332
mon;2;592;1;514;65;250;249;53;280;371;157
mon;2;592;2;521;65;250;232;403;98;263;369
mon;2;592;3;526;65;250;234;444;446;89;416
mon;2;592;4;612;65;250;561;200;157;404;57
mon;2;592;5;503;67;250;275;56;453;59;404
trn;2;593;37;3;0;6
mon;2;593;0;510;65;250;158;252;400;421;332
mon;2;593;1;516;65;250;243;57;280;371;157
mon;2;593;2;521;65;250;232;403;98;263;369
mon;2;593;3;526;65;250;234;444;446;89;416
mon;2;593;4;612;65;250;561;200;157;404;57
mon;2;593;5;497;67;250;275;437;489;525;348
trn;2;594;38;3;0;6
mon;2;594;0;508;63;250;0;216;423;57;528
mon;2;594;1;514;63;250;0;216;53;157;280
mon;2;594;2;518;63;250;0;216;281;138;94
mon;2;594;3;620;63;250;0;216;409;369;252
mon;2;594;4;609;63;250;0;216;247;94;315
mon;2;594;5;503;65;250;0;216;401;404;332
trn;2;595;38;3;0;6
mon;2;595;0;508;63;250;0;216;423;57;528
mon;2;595;1;516;63;250;0;216;57;157;280
mon;2;595;2;518;63;250;0;216;281;138;94
mon;2;595;3;620;63;250;0;216;409;369;252
mon;2;595;4;609;63;250;0;216;247;94;315
mon;2;595;5;497;65;250;0;216;437;525;489
trn;2;596;38;3;0;6
mon;2;596;0;508;63;250;0;216;423;57;528
mon;2;596;1;512;63;250;0;216;412;157;280
mon;2;596;2;518;63;250;0;216;281;138;94
mon;2;596;3;620;63;250;0;216;409;369;252
mon;2;596;4;609;63;250;0;216;247;94;315
mon;2;596;5;500;65;250;0;216;394;280;528
trn;2;597;77;0;0;3
mon;2;597;0;510;62;0;0;0;0;0;0
mon;2;597;1;510;62;0;0;0;0;0;0
mon;2;597;2;569;62;0;0;0;0;0;0
trn;2;598;39;0;0;1
mon;2;598;0;553;64;0;0;0;0;0;0
trn;2;599;39;0;0;2
mon;2;599;0;505;63;0;0;0;0;0;0
mon;2;599;1;560;63;0;0;0;0;0;0
trn;2;600;31;0;0;1
mon;2;600;0;511;21;0;0;0;0;0;0
trn;2;601;31;0;0;1
mon;2;601;0;513;21;0;0;0;0;0;0
trn;2;602;31;0;0;1
mon;2;602;0;515;21;0;0;0;0;0;0
trn;2;603;92;0;3;3
mon;2;603;0;552;27;0;0;0;0;0;0
mon;2;603;1;550;27;0;0;0;0;0;0
mon;2;603;2;523;27;0;0;0;0;0;0
trn;2;604;49;0;2;3
mon;2;604;0;619;39;100;0;0;0;0;0
mon;2;604;1;605;39;100;0;0;0;0;0
mon;2;604;2;624;39;100;0;0;0;0;0
trn;2;605;50;0;3;3
mon;2;605;0;619;39;100;0;0;0;0;0
mon;2;605;1;605;39;100;0;0;0;0;0
mon;2;605;2;624;39;100;0;0;0;0;0
trn;2;606;50;0;2;3
mon;2;606;0;510;32;100;0;0;0;0;0
mon;2;606;1;528;32;100;0;0;0;0;0
mon;2;606;2;505;32;100;0;0;0;0;0
trn;2;607;50;0;3;3
mon;2;607;0;510;32;100;0;0;0;0;0
mon;2;607;1;528;32;100;0;0;0;0;0
mon;2;607;2;505;32;100;0;0;0;0;0
trn;2;608;49;0;2;3
mon;2;608;0;594;65;150;0;0;0;0;0
mon;2;608;1;601;65;150;0;0;0;0;0
mon;2;608;2;606;65;150;0;0;0;0;0
trn;2;609;49;0;3;3
mon;2;609;0;594;65;150;0;0;0;0;0
mon;2;609;1;601;65;150;0;0;0;0;0
mon;2;609;2;606;65;150;0;0;0;0;0
trn;2;610;77;0;0;1
mon;2;610;0;510;24;0;0;0;0;0;0
trn;2;611;77;0;0;3
mon;2;611;0;568;26;0;0;0;0;0;0
mon;2;611;1;568;26;0;0;0;0;0;0
mon;2;611;2;568;26;0;0;0;0;0;0
trn;2;612;77;0;0;1
mon;2;612;0;510;34;0;0;0;0;0;0
trn;2;613;61;0;0;1
mon;2;613;0;577;23;30;0;0;0;0;0
trn;2;614;102;0;0;1
mon;2;614;0;504;10;0;0;0;0;0;0
trn;2;615;57;0;3;3
mon;2;615;0;576;65;100;0;0;0;0;0
mon;2;615;1;553;65;100;0;0;0;0;0
mon;2;615;2;596;65;100;0;0;0;0;0
