# Unova (White) new-game init: the 131 flags script file 866 entry 0 (routine @36) sets before
# the version branch, plus var 0x4116 = 1 (StoreValueInVar 16662 1). Extracted 2026-09-19 from
# server.game/nds-scripts-2.txt; the id space is the ROM's, our story keys are unova/FLAG_<id>.
501
517
519
523
524
525
528
529
530
532
533
534
536
537
539
540
541
544
545
546
547
548
551
552
555
557
558
562
566
567
568
572
576
577
578
582
584
587
588
589
594
599
600
601
603
604
605
606
607
613
614
615
616
617
618
625
636
637
639
640
641
648
654
655
656
657
658
659
660
661
662
668
669
675
679
681
682
683
684
685
688
699
702
703
706
707
708
717
718
731
734
735
736
742
743
744
745
746
747
748
750
751
757
759
763
766
780
796
797
798
799
800
803
804
805
811
812
813
814
815
816
817
829
835
837
838
839
842
843
2430
2436
