2;0;0;9;50;2;123;1;15;5;-1;-1;226;4
2;0;0;9;51;2;123;1;15;5;-1;-1;226;4
2;0;0;9;52;2;123;1;15;5;-1;-1;226;4
2;0;0;9;53;2;123;1;15;5;-1;-1;226;4
2;0;0;43;36;1;1;0;7;19;-1;-1;226;35
2;0;0;50;9;1;119;1;5;14;-1;-1;226;4
2;0;0;51;9;1;119;1;5;14;-1;-1;226;4
2;0;0;52;9;1;119;1;5;14;-1;-1;226;4
2;0;0;11;37;1;2;0;7;12;-1;-1;226;35
2;0;0;27;38;1;5;0;13;24;-1;-1;226;35
2;0;0;19;45;1;3;0;7;12;-1;-1;226;35
2;0;0;35;45;1;4;0;7;12;-1;-1;226;35
2;1;0;6;19;0;0;0;43;36;-1;-1;13;1
2;1;0;7;19;0;0;0;43;36;-1;-1;13;1
2;1;0;8;19;0;0;0;43;36;-1;-1;13;1
2;2;0;6;12;0;0;0;11;37;-1;-1;209;1
2;2;0;7;12;0;0;0;11;37;-1;-1;209;1
2;2;0;8;12;0;0;0;11;37;-1;-1;209;1
2;3;0;6;12;0;0;0;19;45;-1;-1;209;1
2;3;0;7;12;0;0;0;19;45;-1;-1;209;1
2;3;0;8;12;0;0;0;19;45;-1;-1;209;1
2;4;0;6;12;0;0;0;35;45;-1;-1;209;1
2;4;0;7;12;0;0;0;35;45;-1;-1;209;1
2;4;0;8;12;0;0;0;35;45;-1;-1;209;1
2;5;0;12;24;0;0;0;27;38;-1;-1;213;1
2;5;0;13;24;0;0;0;27;38;-1;-1;213;1
2;5;0;14;24;0;0;0;27;38;-1;-1;213;1
2;6;0;781;587;1;8;0;7;19;-1;-1;0;3
2;6;0;789;594;3;9;0;7;10;-1;-1;0;3
2;6;0;789;599;3;11;0;7;10;-1;-1;0;3
2;6;0;774;598;3;13;0;7;10;-1;-1;0;3
2;6;0;774;586;1;15;0;8;15;-1;-1;0;3
2;6;0;788;586;1;7;0;12;43;-1;-1;0;7
2;6;0;805;580;3;152;0;8;28;-1;-1;0;4
2;6;0;805;581;3;152;0;8;28;-1;-1;0;4
2;6;0;805;582;3;152;0;8;28;-1;-1;0;4
2;6;0;805;583;3;152;0;8;28;-1;-1;0;4
2;7;0;11;43;0;6;0;788;586;-1;-1;51;1
2;7;0;12;43;0;6;0;788;586;-1;-1;51;1
2;7;0;13;43;0;6;0;788;586;-1;-1;51;1
2;8;0;6;19;0;6;0;781;587;-1;-1;13;1
2;8;0;7;19;0;6;0;781;587;-1;-1;13;1
2;8;0;8;19;0;6;0;781;587;-1;-1;13;1
2;9;0;6;10;0;6;0;789;594;-1;-1;26;1
2;9;0;7;10;0;6;0;789;594;-1;-1;26;1
2;9;0;8;10;0;6;0;789;594;-1;-1;26;1
2;9;0;8;2;3;10;0;10;2;-1;-1;26;2
2;10;0;10;2;2;9;0;8;2;-1;-1;134;2
2;11;0;6;10;0;6;0;789;599;-1;-1;26;1
2;11;0;7;10;0;6;0;789;599;-1;-1;26;1
2;11;0;8;10;0;6;0;789;599;-1;-1;26;1
2;11;0;8;2;3;12;0;10;2;-1;-1;26;2
2;12;0;10;2;2;11;0;8;2;-1;-1;27;2
2;13;0;6;10;0;6;0;774;598;-1;-1;26;1
2;13;0;7;10;0;6;0;774;598;-1;-1;26;1
2;13;0;8;10;0;6;0;774;598;-1;-1;26;1
2;13;0;8;2;3;14;0;10;2;-1;-1;26;2
2;14;0;10;2;2;13;0;8;2;-1;-1;32;2
2;15;0;7;15;0;6;0;774;586;-1;-1;29;1
2;15;0;8;15;0;6;0;774;586;-1;-1;29;1
2;15;0;9;15;0;6;0;774;586;-1;-1;29;1
2;16;0;657;585;1;22;0;6;10;-1;-1;0;3
2;16;0;658;597;1;21;0;6;10;-1;-1;0;3
2;16;0;648;597;1;23;0;6;10;-1;-1;0;3
2;16;0;626;597;1;24;0;6;10;-1;-1;0;3
2;16;0;621;597;1;25;0;6;10;-1;-1;0;3
2;16;0;637;597;1;20;0;7;19;-1;-1;0;3
2;16;0;624;584;1;26;0;8;15;-1;-1;0;3
2;16;0;629;594;2;24;0;11;3;-1;-1;0;1
2;16;0;651;594;2;23;0;11;3;-1;-1;0;1
2;16;0;660;582;2;22;0;11;3;-1;-1;0;1
2;16;0;671;598;3;27;0;1;5;-1;-1;0;4
2;16;0;671;599;3;27;0;1;5;-1;-1;0;4
2;16;0;671;600;3;27;0;1;5;-1;-1;0;4
2;16;0;644;581;1;17;0;12;28;-1;-1;0;8
2;17;0;11;28;0;16;0;644;581;-1;-1;52;1
2;17;0;12;28;0;16;0;644;581;-1;-1;52;1
2;17;0;13;28;0;16;0;644;581;-1;-1;52;1
2;17;0;11;2;1;18;0;9;30;-1;-1;52;1
2;17;0;12;2;1;18;0;9;30;-1;-1;52;1
2;17;0;13;2;1;18;0;9;30;-1;-1;52;1
2;18;0;8;30;0;17;0;12;2;-1;-1;55;1
2;18;0;9;30;0;17;0;12;2;-1;-1;55;1
2;18;0;10;30;0;17;0;12;2;-1;-1;55;1
2;18;0;12;9;3;19;0;4;19;-1;-1;55;2
2;19;0;4;19;2;18;0;12;9;-1;-1;120;2
2;20;0;6;19;0;16;0;637;597;-1;-1;13;1
2;20;0;7;19;0;16;0;637;597;-1;-1;13;1
2;20;0;8;19;0;16;0;637;597;-1;-1;13;1
2;21;0;5;10;0;16;0;658;597;-1;-1;169;1
2;21;0;6;10;0;16;0;658;597;-1;-1;169;1
2;21;0;7;10;0;16;0;658;597;-1;-1;169;1
2;22;0;5;10;0;16;0;657;585;-1;-1;31;1
2;22;0;6;10;0;16;0;657;585;-1;-1;31;1
2;22;0;7;10;0;16;0;657;585;-1;-1;31;1
2;22;0;11;3;3;16;0;660;582;-1;-1;31;1
2;23;0;5;10;0;16;0;648;597;-1;-1;31;1
2;23;0;6;10;0;16;0;648;597;-1;-1;31;1
2;23;0;7;10;0;16;0;648;597;-1;-1;31;1
2;23;0;11;3;3;16;0;651;594;-1;-1;31;1
2;24;0;5;10;0;16;0;626;597;-1;-1;31;1
2;24;0;6;10;0;16;0;626;597;-1;-1;31;1
2;24;0;7;10;0;16;0;626;597;-1;-1;31;1
2;24;0;11;3;3;16;0;629;594;-1;-1;31;1
2;25;0;5;10;0;16;0;621;597;-1;-1;49;1
2;25;0;6;10;0;16;0;621;597;-1;-1;49;1
2;25;0;7;10;0;16;0;621;597;-1;-1;49;1
2;26;0;7;15;0;16;0;624;584;-1;-1;30;1
2;26;0;8;15;0;16;0;624;584;-1;-1;30;1
2;26;0;9;15;0;16;0;624;584;-1;-1;30;1
2;27;0;15;4;3;65;1;678;599;-1;-1;50;1
2;27;0;15;5;3;65;1;678;599;-1;-1;50;1
2;27;0;15;6;3;65;1;678;599;-1;-1;50;1
2;27;0;1;4;2;16;0;671;599;-1;-1;50;1
2;27;0;1;5;2;16;0;671;599;-1;-1;50;1
2;27;0;1;6;2;16;0;671;599;-1;-1;50;1
2;28;0;0;6;1;34;0;12;63;3;-1;132;36
2;28;0;1;6;1;34;0;12;63;3;-1;132;36
2;28;0;2;6;1;34;0;12;63;3;-1;132;36
2;28;0;3;6;1;34;0;12;63;3;-1;132;36
2;28;0;0;7;1;34;0;12;63;3;-1;132;36
2;28;0;1;7;1;34;0;12;63;3;-1;132;36
2;28;0;2;7;1;34;0;12;63;3;-1;132;36
2;28;0;3;7;1;34;0;12;63;3;-1;132;36
2;28;0;0;8;1;34;0;12;63;3;-1;132;36
2;28;0;1;8;1;34;0;12;63;3;-1;132;36
2;28;0;2;8;1;34;0;12;63;3;-1;132;36
2;28;0;3;8;1;34;0;12;63;3;-1;132;36
2;28;0;0;-7;0;40;0;1;16;2;-1;132;40
2;28;0;1;-7;0;40;0;1;16;2;-1;132;40
2;28;0;2;-7;0;40;0;1;16;2;-1;132;40
2;28;0;3;-7;0;40;0;1;16;2;-1;132;40
2;28;0;4;-7;0;40;0;1;16;2;-1;132;40
2;28;0;0;-6;0;40;0;1;16;2;-1;132;40
2;28;0;1;-6;0;40;0;1;16;2;-1;132;40
2;28;0;2;-6;0;40;0;1;16;2;-1;132;40
2;28;0;3;-6;0;40;0;1;16;2;-1;132;40
2;28;0;4;-6;0;40;0;1;16;2;-1;132;40
2;28;0;0;-5;0;40;0;1;16;2;-1;132;40
2;28;0;1;-5;0;40;0;1;16;2;-1;132;40
2;28;0;2;-5;0;40;0;1;16;2;-1;132;40
2;28;0;3;-5;0;40;0;1;16;2;-1;132;40
2;28;0;4;-5;0;40;0;1;16;2;-1;132;40
2;28;0;25;6;1;33;0;18;63;3;-1;132;36
2;28;0;26;6;1;33;0;18;63;3;-1;132;36
2;28;0;27;6;1;33;0;18;63;3;-1;132;36
2;28;0;28;6;1;33;0;18;63;3;-1;132;36
2;28;0;25;7;1;33;0;18;63;3;-1;132;36
2;28;0;26;7;1;33;0;18;63;3;-1;132;36
2;28;0;27;7;1;33;0;18;63;3;-1;132;36
2;28;0;28;7;1;33;0;18;63;3;-1;132;36
2;28;0;25;8;1;33;0;18;63;3;-1;132;36
2;28;0;26;8;1;33;0;18;63;3;-1;132;36
2;28;0;27;8;1;33;0;18;63;3;-1;132;36
2;28;0;28;8;1;33;0;18;63;3;-1;132;36
2;28;0;28;-7;0;39;0;17;3;2;-1;132;36
2;28;0;29;-7;0;39;0;17;3;2;-1;132;36
2;28;0;28;-6;0;39;0;17;3;2;-1;132;36
2;28;0;29;-6;0;39;0;17;3;2;-1;132;36
2;28;0;28;-5;0;39;0;17;3;2;-1;132;36
2;28;0;29;-5;0;39;0;17;3;2;-1;132;36
2;28;0;25;-6;0;38;0;18;1;3;-1;132;36
2;28;0;26;-6;0;38;0;18;1;3;-1;132;36
2;28;0;27;-6;0;38;0;18;1;3;-1;132;36
2;28;0;28;-6;0;38;0;18;1;3;-1;132;36
2;28;0;25;-5;0;38;0;18;1;3;-1;132;36
2;28;0;26;-5;0;38;0;18;1;3;-1;132;36
2;28;0;27;-5;0;38;0;18;1;3;-1;132;36
2;28;0;28;-5;0;38;0;18;1;3;-1;132;36
2;28;0;25;-4;0;38;0;18;1;3;-1;132;36
2;28;0;26;-4;0;38;0;18;1;3;-1;132;36
2;28;0;27;-4;0;38;0;18;1;3;-1;132;36
2;28;0;28;-4;0;38;0;18;1;3;-1;132;36
2;28;0;26;6;1;35;0;17;63;5;-1;132;36
2;28;0;27;6;1;35;0;17;63;5;-1;132;36
2;28;0;28;6;1;35;0;17;63;5;-1;132;36
2;28;0;26;7;1;35;0;17;63;5;-1;132;36
2;28;0;27;7;1;35;0;17;63;5;-1;132;36
2;28;0;28;7;1;35;0;17;63;5;-1;132;36
2;28;0;26;8;1;35;0;17;63;5;-1;132;36
2;28;0;27;8;1;35;0;17;63;5;-1;132;36
2;28;0;28;8;1;35;0;17;63;5;-1;132;36
2;28;0;20;-7;0;37;0;18;3;5;-1;132;36
2;28;0;21;-7;0;37;0;18;3;5;-1;132;36
2;28;0;22;-7;0;37;0;18;3;5;-1;132;36
2;28;0;23;-7;0;37;0;18;3;5;-1;132;36
2;28;0;24;-7;0;37;0;18;3;5;-1;132;36
2;28;0;25;-7;0;37;0;18;3;5;-1;132;36
2;28;0;26;-7;0;37;0;18;3;5;-1;132;36
2;28;0;27;-7;0;37;0;18;3;5;-1;132;36
2;28;0;28;-7;0;37;0;18;3;5;-1;132;36
2;28;0;20;-6;0;37;0;18;3;5;-1;132;36
2;28;0;21;-6;0;37;0;18;3;5;-1;132;36
2;28;0;22;-6;0;37;0;18;3;5;-1;132;36
2;28;0;23;-6;0;37;0;18;3;5;-1;132;36
2;28;0;24;-6;0;37;0;18;3;5;-1;132;36
2;28;0;25;-6;0;37;0;18;3;5;-1;132;36
2;28;0;26;-6;0;37;0;18;3;5;-1;132;36
2;28;0;27;-6;0;37;0;18;3;5;-1;132;36
2;28;0;28;-6;0;37;0;18;3;5;-1;132;36
2;28;0;20;-5;0;37;0;18;3;5;-1;132;36
2;28;0;21;-5;0;37;0;18;3;5;-1;132;36
2;28;0;22;-5;0;37;0;18;3;5;-1;132;36
2;28;0;23;-5;0;37;0;18;3;5;-1;132;36
2;28;0;24;-5;0;37;0;18;3;5;-1;132;36
2;28;0;25;-5;0;37;0;18;3;5;-1;132;36
2;28;0;26;-5;0;37;0;18;3;5;-1;132;36
2;28;0;27;-5;0;37;0;18;3;5;-1;132;36
2;28;0;28;-5;0;37;0;18;3;5;-1;132;36
2;28;0;25;6;1;31;0;16;63;4;-1;132;36
2;28;0;26;6;1;31;0;16;63;4;-1;132;36
2;28;0;27;6;1;31;0;16;63;4;-1;132;36
2;28;0;28;6;1;31;0;16;63;4;-1;132;36
2;28;0;29;6;1;31;0;16;63;4;-1;132;36
2;28;0;30;6;1;31;0;16;63;4;-1;132;36
2;28;0;25;7;1;31;0;16;63;4;-1;132;36
2;28;0;26;7;1;31;0;16;63;4;-1;132;36
2;28;0;27;7;1;31;0;16;63;4;-1;132;36
2;28;0;28;7;1;31;0;16;63;4;-1;132;36
2;28;0;29;7;1;31;0;16;63;4;-1;132;36
2;28;0;30;7;1;31;0;16;63;4;-1;132;36
2;28;0;25;8;1;31;0;16;63;4;-1;132;36
2;28;0;26;8;1;31;0;16;63;4;-1;132;36
2;28;0;27;8;1;31;0;16;63;4;-1;132;36
2;28;0;28;8;1;31;0;16;63;4;-1;132;36
2;28;0;29;8;1;31;0;16;63;4;-1;132;36
2;28;0;30;8;1;31;0;16;63;4;-1;132;36
2;28;0;25;-9;0;36;0;0;1;4;1;132;36
2;28;0;26;-9;0;36;0;0;1;4;1;132;36
2;28;0;27;-9;0;36;0;0;1;4;1;132;36
2;28;0;28;-9;0;36;0;0;1;4;1;132;36
2;28;0;29;-9;0;36;0;0;1;4;1;132;36
2;28;0;30;-9;0;36;0;0;1;4;1;132;36
2;28;0;25;-8;0;36;0;0;1;4;1;132;36
2;28;0;26;-8;0;36;0;0;1;4;1;132;36
2;28;0;27;-8;0;36;0;0;1;4;1;132;36
2;28;0;28;-8;0;36;0;0;1;4;1;132;36
2;28;0;29;-8;0;36;0;0;1;4;1;132;36
2;28;0;30;-8;0;36;0;0;1;4;1;132;36
2;28;0;25;-7;0;36;0;0;1;4;1;132;36
2;28;0;26;-7;0;36;0;0;1;4;1;132;36
2;28;0;27;-7;0;36;0;0;1;4;1;132;36
2;28;0;28;-7;0;36;0;0;1;4;1;132;36
2;28;0;29;-7;0;36;0;0;1;4;1;132;36
2;28;0;30;-7;0;36;0;0;1;4;1;132;36
2;28;0;1;-1;3;252;0;1;4;1;-1;132;4
2;28;0;2;-1;3;252;0;1;4;1;-1;132;4
2;28;0;3;-1;3;252;0;1;4;1;-1;132;4
2;28;0;1;0;3;252;0;1;4;1;-1;132;4
2;28;0;2;0;3;252;0;1;4;1;-1;132;4
2;28;0;3;0;3;252;0;1;4;1;-1;132;4
2;28;0;1;1;3;252;0;1;4;1;-1;132;4
2;28;0;2;1;3;252;0;1;4;1;-1;132;4
2;28;0;3;1;3;252;0;1;4;1;-1;132;4
2;28;0;1;2;3;252;0;1;4;1;-1;132;4
2;28;0;2;2;3;252;0;1;4;1;-1;132;4
2;28;0;3;2;3;252;0;1;4;1;-1;132;4
2;28;0;8;2;1;41;0;7;19;3;-1;132;36
2;28;0;7;3;1;41;0;7;19;3;-1;132;36
2;28;0;8;3;1;41;0;7;19;3;-1;132;36
2;28;0;9;3;1;41;0;7;19;3;-1;132;36
2;28;0;8;4;1;41;0;7;19;3;-1;132;36
2;28;0;9;3;1;44;0;7;12;5;-1;132;36
2;28;0;8;4;1;44;0;7;12;5;-1;132;36
2;28;0;9;4;1;44;0;7;12;5;-1;132;36
2;28;0;10;4;1;44;0;7;12;5;-1;132;36
2;28;0;9;5;1;44;0;7;12;5;-1;132;36
2;28;0;17;5;1;42;0;7;12;4;-1;132;36
2;28;0;16;6;1;42;0;7;12;4;-1;132;36
2;28;0;17;6;1;42;0;7;12;4;-1;132;36
2;28;0;18;6;1;42;0;7;12;4;-1;132;36
2;28;0;17;7;1;42;0;7;12;4;-1;132;36
2;28;0;25;6;1;34;0;19;63;2;-1;132;36
2;28;0;26;6;1;34;0;19;63;2;-1;132;36
2;28;0;27;6;1;34;0;19;63;2;-1;132;36
2;28;0;28;6;1;34;0;19;63;2;-1;132;36
2;28;0;29;6;1;34;0;19;63;2;-1;132;36
2;28;0;25;7;1;34;0;19;63;2;-1;132;36
2;28;0;26;7;1;34;0;19;63;2;-1;132;36
2;28;0;27;7;1;34;0;19;63;2;-1;132;36
2;28;0;28;7;1;34;0;19;63;2;-1;132;36
2;28;0;29;7;1;34;0;19;63;2;-1;132;36
2;28;0;25;8;1;34;0;19;63;2;-1;132;36
2;28;0;26;8;1;34;0;19;63;2;-1;132;36
2;28;0;27;8;1;34;0;19;63;2;-1;132;36
2;28;0;28;8;1;34;0;19;63;2;-1;132;36
2;28;0;29;8;1;34;0;19;63;2;-1;132;36
2;28;0;4;-7;0;40;0;1;10;1;-1;132;40
2;28;0;3;-6;0;40;0;1;10;1;-1;132;40
2;28;0;4;-6;0;40;0;1;10;1;-1;132;40
2;28;0;5;-6;0;40;0;1;10;1;-1;132;40
2;28;0;4;-5;0;40;0;1;10;1;-1;132;40
2;28;0;0;6;1;33;0;14;63;5;-1;132;36
2;28;0;1;6;1;33;0;14;63;5;-1;132;36
2;28;0;2;6;1;33;0;14;63;5;-1;132;36
2;28;0;0;7;1;33;0;14;63;5;-1;132;36
2;28;0;1;7;1;33;0;14;63;5;-1;132;36
2;28;0;2;7;1;33;0;14;63;5;-1;132;36
2;28;0;0;8;1;33;0;14;63;5;-1;132;36
2;28;0;1;8;1;33;0;14;63;5;-1;132;36
2;28;0;2;8;1;33;0;14;63;5;-1;132;36
2;28;0;0;-7;0;39;0;13;3;3;-1;132;36
2;28;0;1;-7;0;39;0;13;3;3;-1;132;36
2;28;0;2;-7;0;39;0;13;3;3;-1;132;36
2;28;0;3;-7;0;39;0;13;3;3;-1;132;36
2;28;0;0;-6;0;39;0;13;3;3;-1;132;36
2;28;0;1;-6;0;39;0;13;3;3;-1;132;36
2;28;0;2;-6;0;39;0;13;3;3;-1;132;36
2;28;0;3;-6;0;39;0;13;3;3;-1;132;36
2;28;0;0;-5;0;39;0;13;3;3;-1;132;36
2;28;0;1;-5;0;39;0;13;3;3;-1;132;36
2;28;0;2;-5;0;39;0;13;3;3;-1;132;36
2;28;0;3;-5;0;39;0;13;3;3;-1;132;36
2;28;0;0;-6;0;38;0;13;1;5;-1;132;36
2;28;0;1;-6;0;38;0;13;1;5;-1;132;36
2;28;0;2;-6;0;38;0;13;1;5;-1;132;36
2;28;0;3;-6;0;38;0;13;1;5;-1;132;36
2;28;0;4;-6;0;38;0;13;1;5;-1;132;36
2;28;0;0;-5;0;38;0;13;1;5;-1;132;36
2;28;0;1;-5;0;38;0;13;1;5;-1;132;36
2;28;0;2;-5;0;38;0;13;1;5;-1;132;36
2;28;0;3;-5;0;38;0;13;1;5;-1;132;36
2;28;0;4;-5;0;38;0;13;1;5;-1;132;36
2;28;0;0;-4;0;38;0;13;1;5;-1;132;36
2;28;0;1;-4;0;38;0;13;1;5;-1;132;36
2;28;0;2;-4;0;38;0;13;1;5;-1;132;36
2;28;0;3;-4;0;38;0;13;1;5;-1;132;36
2;28;0;4;-4;0;38;0;13;1;5;-1;132;36
2;28;0;0;6;1;35;0;14;63;4;-1;132;36
2;28;0;1;6;1;35;0;14;63;4;-1;132;36
2;28;0;2;6;1;35;0;14;63;4;-1;132;36
2;28;0;3;6;1;35;0;14;63;4;-1;132;36
2;28;0;0;7;1;35;0;14;63;4;-1;132;36
2;28;0;1;7;1;35;0;14;63;4;-1;132;36
2;28;0;2;7;1;35;0;14;63;4;-1;132;36
2;28;0;3;7;1;35;0;14;63;4;-1;132;36
2;28;0;0;8;1;35;0;14;63;4;-1;132;36
2;28;0;1;8;1;35;0;14;63;4;-1;132;36
2;28;0;2;8;1;35;0;14;63;4;-1;132;36
2;28;0;3;8;1;35;0;14;63;4;-1;132;36
2;28;0;0;-7;0;37;0;14;3;4;-1;132;36
2;28;0;-1;-6;0;37;0;14;3;4;-1;132;36
2;28;0;0;-6;0;37;0;14;3;4;-1;132;36
2;28;0;1;-6;0;37;0;14;3;4;-1;132;36
2;28;0;0;-5;0;37;0;14;3;4;-1;132;36
2;29;0;31;48;0;31;0;25;48;-1;-1;56;1
2;29;0;32;48;0;31;0;25;48;-1;-1;56;1
2;29;0;33;48;0;31;0;25;48;-1;-1;56;1
2;30;0;13;0;1;32;0;16;63;-1;-1;1;36
2;30;0;14;0;1;32;0;16;63;-1;-1;1;36
2;30;0;15;0;1;32;0;16;63;-1;-1;1;36
2;30;0;16;0;1;32;0;16;63;-1;-1;1;36
2;30;0;17;0;1;32;0;16;63;-1;-1;1;36
2;30;0;18;0;1;32;0;16;63;-1;-1;1;36
2;30;0;4;-3;0;31;0;16;16;1;-1;1;36
2;30;0;5;-3;0;31;0;16;16;1;-1;1;36
2;30;0;6;-3;0;31;0;16;16;1;-1;1;36
2;30;0;4;-2;0;31;0;16;16;1;-1;1;36
2;30;0;5;-2;0;31;0;16;16;1;-1;1;36
2;30;0;6;-2;0;31;0;16;16;1;-1;1;36
2;30;0;4;-1;0;31;0;16;16;1;-1;1;36
2;30;0;5;-1;0;31;0;16;16;1;-1;1;36
2;30;0;6;-1;0;31;0;16;16;1;-1;1;36
2;30;0;4;0;0;31;0;16;16;1;-1;1;36
2;30;0;5;0;0;31;0;16;16;1;-1;1;36
2;30;0;6;0;0;31;0;16;16;1;-1;1;36
2;30;0;4;1;0;31;0;16;16;1;-1;1;36
2;30;0;5;1;0;31;0;16;16;1;-1;1;36
2;30;0;6;1;0;31;0;16;16;1;-1;1;36
2;30;0;4;2;0;31;0;16;16;1;-1;1;36
2;30;0;5;2;0;31;0;16;16;1;-1;1;36
2;30;0;6;2;0;31;0;16;16;1;-1;1;36
2;30;0;4;3;0;31;0;16;16;1;-1;1;36
2;30;0;5;3;0;31;0;16;16;1;-1;1;36
2;30;0;6;3;0;31;0;16;16;1;-1;1;36
2;30;0;4;4;0;31;0;16;16;1;-1;1;36
2;30;0;5;4;0;31;0;16;16;1;-1;1;36
2;30;0;6;4;0;31;0;16;16;1;-1;1;36
2;30;0;5;-1;0;35;0;17;29;3;-1;1;36
2;30;0;6;-1;0;35;0;17;29;3;-1;1;36
2;30;0;7;-1;0;35;0;17;29;3;-1;1;36
2;30;0;5;0;0;35;0;17;29;3;-1;1;36
2;30;0;6;0;0;35;0;17;29;3;-1;1;36
2;30;0;7;0;0;35;0;17;29;3;-1;1;36
2;30;0;5;1;0;35;0;17;29;3;-1;1;36
2;30;0;6;1;0;35;0;17;29;3;-1;1;36
2;30;0;7;1;0;35;0;17;29;3;-1;1;36
2;30;0;5;-2;0;33;0;16;16;5;-1;1;36
2;30;0;6;-2;0;33;0;16;16;5;-1;1;36
2;30;0;7;-2;0;33;0;16;16;5;-1;1;36
2;30;0;5;-1;0;33;0;16;16;5;-1;1;36
2;30;0;6;-1;0;33;0;16;16;5;-1;1;36
2;30;0;7;-1;0;33;0;16;16;5;-1;1;36
2;30;0;5;0;0;33;0;16;16;5;-1;1;36
2;30;0;6;0;0;33;0;16;16;5;-1;1;36
2;30;0;7;0;0;33;0;16;16;5;-1;1;36
2;30;0;5;1;0;33;0;16;16;5;-1;1;36
2;30;0;6;1;0;33;0;16;16;5;-1;1;36
2;30;0;7;1;0;33;0;16;16;5;-1;1;36
2;30;0;5;2;0;33;0;16;16;5;-1;1;36
2;30;0;6;2;0;33;0;16;16;5;-1;1;36
2;30;0;7;2;0;33;0;16;16;5;-1;1;36
2;30;0;4;-4;0;34;0;16;16;7;-1;1;36
2;30;0;5;-4;0;34;0;16;16;7;-1;1;36
2;30;0;6;-4;0;34;0;16;16;7;-1;1;36
2;30;0;4;-3;0;34;0;16;16;7;-1;1;36
2;30;0;5;-3;0;34;0;16;16;7;-1;1;36
2;30;0;6;-3;0;34;0;16;16;7;-1;1;36
2;30;0;4;-2;0;34;0;16;16;7;-1;1;36
2;30;0;5;-2;0;34;0;16;16;7;-1;1;36
2;30;0;6;-2;0;34;0;16;16;7;-1;1;36
2;30;0;4;-1;0;34;0;16;16;7;-1;1;36
2;30;0;5;-1;0;34;0;16;16;7;-1;1;36
2;30;0;6;-1;0;34;0;16;16;7;-1;1;36
2;30;0;4;0;0;34;0;16;16;7;-1;1;36
2;30;0;5;0;0;34;0;16;16;7;-1;1;36
2;30;0;6;0;0;34;0;16;16;7;-1;1;36
2;30;0;4;1;0;34;0;16;16;7;-1;1;36
2;30;0;5;1;0;34;0;16;16;7;-1;1;36
2;30;0;6;1;0;34;0;16;16;7;-1;1;36
2;30;0;4;2;0;34;0;16;16;7;-1;1;36
2;30;0;5;2;0;34;0;16;16;7;-1;1;36
2;30;0;6;2;0;34;0;16;16;7;-1;1;36
2;30;0;4;3;0;34;0;16;16;7;-1;1;36
2;30;0;5;3;0;34;0;16;16;7;-1;1;36
2;30;0;6;3;0;34;0;16;16;7;-1;1;36
2;30;0;4;4;0;34;0;16;16;7;-1;1;36
2;30;0;5;4;0;34;0;16;16;7;-1;1;36
2;30;0;6;4;0;34;0;16;16;7;-1;1;36
2;31;0;9;16;1;30;0;5;1;-1;1;2;36
2;31;0;10;16;1;30;0;5;1;-1;1;2;36
2;31;0;11;16;1;30;0;5;1;-1;1;2;36
2;31;0;12;16;1;30;0;5;1;-1;1;2;36
2;31;0;13;16;1;30;0;5;1;-1;1;2;36
2;31;0;14;16;1;30;0;5;1;-1;1;2;36
2;31;0;15;16;1;30;0;5;1;-1;1;2;36
2;31;0;16;16;1;30;0;5;1;-1;1;2;36
2;31;0;17;16;1;30;0;5;1;-1;1;2;36
2;31;0;18;16;1;30;0;5;1;-1;1;2;36
2;31;0;19;16;1;30;0;5;1;-1;1;2;36
2;31;0;20;16;1;30;0;5;1;-1;1;2;36
2;31;0;21;16;1;30;0;5;1;-1;1;2;36
2;31;0;22;16;1;30;0;5;1;-1;1;2;36
2;31;0;9;63;0;28;0;28;7;-1;4;2;36
2;31;0;10;63;0;28;0;28;7;-1;4;2;36
2;31;0;11;63;0;28;0;28;7;-1;4;2;36
2;31;0;12;63;0;28;0;28;7;-1;4;2;36
2;31;0;13;63;0;28;0;28;7;-1;4;2;36
2;31;0;14;63;0;28;0;28;7;-1;4;2;36
2;31;0;15;63;0;28;0;28;7;-1;4;2;36
2;31;0;16;63;0;28;0;28;7;-1;4;2;36
2;31;0;17;63;0;28;0;28;7;-1;4;2;36
2;31;0;18;63;0;28;0;28;7;-1;4;2;36
2;31;0;19;63;0;28;0;28;7;-1;4;2;36
2;31;0;20;63;0;28;0;28;7;-1;4;2;36
2;31;0;21;63;0;28;0;28;7;-1;4;2;36
2;31;0;22;63;0;28;0;28;7;-1;4;2;36
2;31;0;25;48;3;29;0;32;48;-1;-1;2;3
2;31;0;6;32;2;56;0;7;12;-1;-1;2;3
2;31;0;6;33;2;56;0;7;12;-1;-1;2;3
2;31;0;6;34;2;56;0;7;12;-1;-1;2;3
2;32;0;13;16;1;51;0;5;14;-1;-1;3;36
2;32;0;14;16;1;51;0;5;14;-1;-1;3;36
2;32;0;15;16;1;51;0;5;14;-1;-1;3;36
2;32;0;16;16;1;51;0;5;14;-1;-1;3;36
2;32;0;17;16;1;51;0;5;14;-1;-1;3;36
2;32;0;18;16;1;51;0;5;14;-1;-1;3;36
2;32;0;10;42;2;49;0;7;12;-1;-1;3;3
2;32;0;21;36;3;58;0;7;12;-1;-1;3;3
2;32;0;21;43;3;60;0;7;12;-1;-1;3;3
2;32;0;12;63;0;30;0;16;0;-1;-1;3;36
2;32;0;13;63;0;30;0;16;0;-1;-1;3;36
2;32;0;14;63;0;30;0;16;0;-1;-1;3;36
2;32;0;15;63;0;30;0;16;0;-1;-1;3;36
2;32;0;16;63;0;30;0;16;0;-1;-1;3;36
2;32;0;17;63;0;30;0;16;0;-1;-1;3;36
2;32;0;18;63;0;30;0;16;0;-1;-1;3;36
2;32;0;19;63;0;30;0;16;0;-1;-1;3;36
2;33;0;12;63;0;28;0;1;7;-1;5;4;36
2;33;0;13;63;0;28;0;1;7;-1;5;4;36
2;33;0;14;63;0;28;0;1;7;-1;5;4;36
2;33;0;15;63;0;28;0;1;7;-1;5;4;36
2;33;0;22;40;3;43;0;9;12;-1;-1;4;3
2;33;0;12;16;1;30;0;6;0;-1;5;4;36
2;33;0;13;16;1;30;0;6;0;-1;5;4;36
2;33;0;14;16;1;30;0;6;0;-1;5;4;36
2;33;0;15;16;1;30;0;6;0;-1;5;4;36
2;33;0;16;16;1;30;0;6;0;-1;5;4;36
2;33;0;17;16;1;30;0;6;0;-1;5;4;36
2;33;0;18;16;1;30;0;6;0;-1;5;4;36
2;33;0;19;16;1;30;0;6;0;-1;5;4;36
2;33;0;16;63;0;28;0;27;7;-1;3;4;36
2;33;0;17;63;0;28;0;27;7;-1;3;4;36
2;33;0;18;63;0;28;0;27;7;-1;3;4;36
2;33;0;19;63;0;28;0;27;7;-1;3;4;36
2;34;0;9;63;0;28;0;2;7;-1;3;5;36
2;34;0;10;63;0;28;0;2;7;-1;3;5;36
2;34;0;11;63;0;28;0;2;7;-1;3;5;36
2;34;0;12;63;0;28;0;2;7;-1;3;5;36
2;34;0;13;63;0;28;0;2;7;-1;3;5;36
2;34;0;14;63;0;28;0;2;7;-1;3;5;36
2;34;0;25;46;3;47;0;7;12;-1;-1;5;3
2;34;0;25;47;3;47;0;7;12;-1;-1;5;3
2;34;0;25;48;3;47;0;7;12;-1;-1;5;3
2;34;0;7;32;2;54;0;7;12;-1;-1;5;3
2;34;0;7;33;2;54;0;7;12;-1;-1;5;3
2;34;0;7;34;2;54;0;7;12;-1;-1;5;3
2;34;0;9;16;1;30;0;5;0;-1;7;5;36
2;34;0;10;16;1;30;0;5;0;-1;7;5;36
2;34;0;11;16;1;30;0;5;0;-1;7;5;36
2;34;0;12;16;1;30;0;5;0;-1;7;5;36
2;34;0;13;16;1;30;0;5;0;-1;7;5;36
2;34;0;14;16;1;30;0;5;0;-1;7;5;36
2;34;0;15;16;1;30;0;5;0;-1;7;5;36
2;34;0;16;16;1;30;0;5;0;-1;7;5;36
2;34;0;17;16;1;30;0;5;0;-1;7;5;36
2;34;0;18;16;1;30;0;5;0;-1;7;5;36
2;34;0;19;16;1;30;0;5;0;-1;7;5;36
2;34;0;20;16;1;30;0;5;0;-1;7;5;36
2;34;0;21;16;1;30;0;5;0;-1;7;5;36
2;34;0;22;16;1;30;0;5;0;-1;7;5;36
2;34;0;15;63;0;28;0;27;7;-1;2;5;36
2;34;0;16;63;0;28;0;27;7;-1;2;5;36
2;34;0;17;63;0;28;0;27;7;-1;2;5;36
2;34;0;18;63;0;28;0;27;7;-1;2;5;36
2;34;0;19;63;0;28;0;27;7;-1;2;5;36
2;34;0;20;63;0;28;0;27;7;-1;2;5;36
2;34;0;21;63;0;28;0;27;7;-1;2;5;36
2;34;0;22;63;0;28;0;27;7;-1;2;5;36
2;35;0;13;63;0;28;0;2;7;-1;4;6;36
2;35;0;14;63;0;28;0;2;7;-1;4;6;36
2;35;0;15;63;0;28;0;2;7;-1;4;6;36
2;35;0;20;46;3;53;0;5;10;-1;-1;6;3
2;35;0;15;29;1;30;0;6;0;-1;3;6;36
2;35;0;16;29;1;30;0;6;0;-1;3;6;36
2;35;0;17;29;1;30;0;6;0;-1;3;6;36
2;35;0;18;29;1;30;0;6;0;-1;3;6;36
2;35;0;16;63;0;28;0;27;7;-1;5;6;36
2;35;0;17;63;0;28;0;27;7;-1;5;6;36
2;35;0;18;63;0;28;0;27;7;-1;5;6;36
2;36;0;-1;-2;1;28;0;28;-8;1;4;7;36
2;36;0;0;-2;1;28;0;28;-8;1;4;7;36
2;36;0;1;-2;1;28;0;28;-8;1;4;7;36
2;36;0;-1;-1;1;28;0;28;-8;1;4;7;36
2;36;0;0;-1;1;28;0;28;-8;1;4;7;36
2;36;0;1;-1;1;28;0;28;-8;1;4;7;36
2;36;0;-1;0;1;28;0;28;-8;1;4;7;36
2;36;0;0;0;1;28;0;28;-8;1;4;7;36
2;36;0;1;0;1;28;0;28;-8;1;4;7;36
2;36;0;-1;1;1;28;0;28;-8;1;4;7;36
2;36;0;0;1;1;28;0;28;-8;1;4;7;36
2;36;0;1;1;1;28;0;28;-8;1;4;7;36
2;36;0;-1;2;1;28;0;28;-8;1;4;7;36
2;36;0;0;2;1;28;0;28;-8;1;4;7;36
2;36;0;1;2;1;28;0;28;-8;1;4;7;36
2;36;0;-1;3;1;28;0;28;-8;1;4;7;36
2;36;0;0;3;1;28;0;28;-8;1;4;7;36
2;36;0;1;3;1;28;0;28;-8;1;4;7;36
2;37;0;14;3;1;28;0;0;-6;-1;4;8;36
2;37;0;15;3;1;28;0;24;-6;-1;5;8;36
2;37;0;16;3;1;28;0;24;-6;-1;5;8;36
2;37;0;17;3;1;28;0;24;-6;-1;5;8;36
2;37;0;18;3;1;28;0;24;-6;-1;5;8;36
2;37;0;19;3;1;28;0;24;-6;-1;5;8;36
2;37;0;20;3;1;28;0;24;-6;-1;5;8;36
2;37;0;21;3;1;28;0;24;-6;-1;5;8;36
2;38;0;11;1;1;28;0;2;-5;-1;5;9;36
2;38;0;12;1;1;28;0;2;-5;-1;5;9;36
2;38;0;13;1;1;28;0;2;-5;-1;5;9;36
2;38;0;14;1;1;28;0;2;-5;-1;5;9;36
2;38;0;15;1;1;28;0;2;-5;-1;5;9;36
2;38;0;16;1;1;28;0;27;-5;-1;3;9;36
2;38;0;17;1;1;28;0;27;-5;-1;3;9;36
2;38;0;18;1;1;28;0;27;-5;-1;3;9;36
2;38;0;19;1;1;28;0;27;-5;-1;3;9;36
2;38;0;20;1;1;28;0;27;-5;-1;3;9;36
2;39;0;10;3;1;28;0;2;-6;-1;3;10;36
2;39;0;11;3;1;28;0;2;-6;-1;3;10;36
2;39;0;12;3;1;28;0;2;-6;-1;3;10;36
2;39;0;13;3;1;28;0;2;-6;-1;3;10;36
2;39;0;14;3;1;28;0;2;-6;-1;3;10;36
2;39;0;15;3;1;28;0;2;-6;-1;3;10;36
2;39;0;16;3;1;28;0;29;-6;-1;2;10;36
2;39;0;17;3;1;28;0;29;-6;-1;2;10;36
2;39;0;18;3;1;28;0;29;-6;-1;2;10;36
2;40;0;1;9;2;28;0;4;-6;-1;1;11;36
2;40;0;1;10;2;28;0;4;-6;-1;1;11;36
2;40;0;1;11;2;28;0;4;-6;-1;1;11;36
2;40;0;1;12;2;28;0;2;-6;-1;2;11;36
2;40;0;1;13;2;28;0;2;-6;-1;2;11;36
2;40;0;1;14;2;28;0;2;-6;-1;2;11;36
2;40;0;1;15;2;28;0;2;-6;-1;2;11;36
2;40;0;1;16;2;28;0;2;-6;-1;2;11;36
2;40;0;1;17;2;28;0;2;-6;-1;2;11;36
2;40;0;1;18;2;28;0;2;-6;-1;2;11;36
2;40;0;1;19;2;28;0;2;-6;-1;2;11;36
2;41;0;6;19;0;28;0;8;3;-1;3;13;1
2;41;0;7;19;0;28;0;8;3;-1;3;13;1
2;41;0;8;19;0;28;0;8;3;-1;3;13;1
2;42;0;6;12;0;28;0;17;6;-1;4;177;1
2;42;0;7;12;0;28;0;17;6;-1;4;177;1
2;42;0;8;12;0;28;0;17;6;-1;4;177;1
2;43;0;8;12;0;33;0;22;40;-1;-1;48;1
2;43;0;9;12;0;33;0;22;40;-1;-1;48;1
2;43;0;10;12;0;33;0;22;40;-1;-1;48;1
2;44;0;6;12;0;28;0;9;4;-1;5;33;1
2;44;0;7;12;0;28;0;9;4;-1;5;33;1
2;44;0;8;12;0;28;0;9;4;-1;5;33;1
2;47;0;6;12;0;34;0;25;47;-1;-1;243;1
2;47;0;7;12;0;34;0;25;47;-1;-1;243;1
2;47;0;8;12;0;34;0;25;47;-1;-1;243;1
2;49;0;6;12;0;32;0;10;42;-1;-1;33;1
2;49;0;7;12;0;32;0;10;42;-1;-1;33;1
2;49;0;8;12;0;32;0;10;42;-1;-1;33;1
2;51;0;4;14;0;32;0;16;16;-1;-1;139;1
2;51;0;5;14;0;32;0;16;16;-1;-1;139;1
2;51;0;6;14;0;32;0;16;16;-1;-1;139;1
2;51;0;4;1;1;70;1;430;599;-1;-1;139;1
2;51;0;5;1;1;70;1;430;599;-1;-1;139;1
2;51;0;6;1;1;70;1;430;599;-1;-1;139;1
2;52;0;8;24;1;52;0;111;7;-1;-1;179;3
2;52;0;9;7;1;52;0;105;23;-1;-1;179;3
2;52;0;14;14;1;52;0;73;7;-1;-1;179;3
2;52;0;19;14;1;52;0;79;7;-1;-1;179;3
2;52;0;19;4;1;52;0;73;23;-1;-1;179;3
2;52;0;24;4;1;52;0;79;23;-1;-1;179;3
2;52;0;24;24;1;52;0;118;23;-1;-1;179;3
2;52;0;34;24;1;52;0;131;23;-1;-1;179;3
2;52;0;44;24;1;52;0;144;23;-1;-1;179;3
2;52;0;34;10;1;52;0;124;7;-1;-1;179;3
2;52;0;40;14;1;52;0;92;7;-1;-1;179;3
2;52;0;45;14;1;52;0;98;7;-1;-1;179;3
2;52;0;41;1;1;52;0;137;7;-1;-1;179;3
2;52;0;50;4;1;52;0;150;7;-1;-1;179;3
2;52;0;72;7;0;52;0;14;14;-1;-1;179;1
2;52;0;73;7;0;52;0;14;14;-1;-1;179;1
2;52;0;74;7;0;52;0;14;14;-1;-1;179;1
2;52;0;72;23;0;52;0;19;4;-1;-1;179;1
2;52;0;73;23;0;52;0;19;4;-1;-1;179;1
2;52;0;74;23;0;52;0;19;4;-1;-1;179;1
2;52;0;78;23;0;52;0;24;4;-1;-1;179;1
2;52;0;79;23;0;52;0;24;4;-1;-1;179;1
2;52;0;80;23;0;52;0;24;4;-1;-1;179;1
2;52;0;78;7;0;52;0;19;14;-1;-1;179;1
2;52;0;79;7;0;52;0;19;14;-1;-1;179;1
2;52;0;80;7;0;52;0;19;14;-1;-1;179;1
2;52;0;91;7;0;52;0;40;14;-1;-1;179;1
2;52;0;92;7;0;52;0;40;14;-1;-1;179;1
2;52;0;93;7;0;52;0;40;14;-1;-1;179;1
2;52;0;97;7;0;52;0;45;14;-1;-1;179;1
2;52;0;98;7;0;52;0;45;14;-1;-1;179;1
2;52;0;99;7;0;52;0;45;14;-1;-1;179;1
2;52;0;110;7;0;52;0;8;24;-1;-1;179;1
2;52;0;111;7;0;52;0;8;24;-1;-1;179;1
2;52;0;112;7;0;52;0;8;24;-1;-1;179;1
2;52;0;104;23;0;52;0;9;7;-1;-1;179;1
2;52;0;105;23;0;52;0;9;7;-1;-1;179;1
2;52;0;106;23;0;52;0;9;7;-1;-1;179;1
2;52;0;117;23;0;52;0;24;24;-1;-1;179;1
2;52;0;118;23;0;52;0;24;24;-1;-1;179;1
2;52;0;119;23;0;52;0;24;24;-1;-1;179;1
2;52;0;123;7;0;52;0;34;10;-1;-1;179;1
2;52;0;124;7;0;52;0;34;10;-1;-1;179;1
2;52;0;125;7;0;52;0;34;10;-1;-1;179;1
2;52;0;130;23;0;52;0;34;24;-1;-1;179;1
2;52;0;131;23;0;52;0;34;24;-1;-1;179;1
2;52;0;132;23;0;52;0;34;24;-1;-1;179;1
2;52;0;136;7;0;52;0;41;1;-1;-1;179;1
2;52;0;137;7;0;52;0;41;1;-1;-1;179;1
2;52;0;138;7;0;52;0;41;1;-1;-1;179;1
2;52;0;143;23;0;52;0;44;24;-1;-1;179;1
2;52;0;144;23;0;52;0;44;24;-1;-1;179;1
2;52;0;145;23;0;52;0;44;24;-1;-1;179;1
2;52;0;149;7;0;52;0;50;4;-1;-1;179;1
2;52;0;150;7;0;52;0;50;4;-1;-1;179;1
2;52;0;151;7;0;52;0;50;4;-1;-1;179;1
2;52;0;4;14;1;52;0;92;23;-1;-1;179;3
2;52;0;91;23;0;52;0;4;14;-1;-1;179;1
2;52;0;92;23;0;52;0;4;14;-1;-1;179;1
2;52;0;93;23;0;52;0;4;14;-1;-1;179;1
2;53;0;4;10;0;35;0;20;46;-1;-1;192;1
2;53;0;5;10;0;35;0;20;46;-1;-1;192;1
2;53;0;6;10;0;35;0;20;46;-1;-1;192;1
2;54;0;6;12;0;34;0;7;33;-1;-1;33;1
2;54;0;7;12;0;34;0;7;33;-1;-1;33;1
2;54;0;8;12;0;34;0;7;33;-1;-1;33;1
2;56;0;6;12;0;31;0;6;33;-1;-1;33;1
2;56;0;7;12;0;31;0;6;33;-1;-1;33;1
2;56;0;8;12;0;31;0;6;33;-1;-1;33;1
2;58;0;6;12;0;32;0;21;36;-1;-1;33;1
2;58;0;7;12;0;32;0;21;36;-1;-1;33;1
2;58;0;8;12;0;32;0;21;36;-1;-1;33;1
2;60;0;6;12;0;32;0;21;43;-1;-1;33;1
2;60;0;7;12;0;32;0;21;43;-1;-1;33;1
2;60;0;8;12;0;32;0;21;43;-1;-1;33;1
2;62;0;429;479;0;90;0;5;1;-1;-1;0;4
2;62;0;430;479;0;90;0;5;1;-1;-1;0;4
2;62;0;431;479;0;90;0;5;1;-1;-1;0;4
2;62;0;384;437;2;91;0;15;5;-1;-1;0;4
2;62;0;384;438;2;91;0;15;5;-1;-1;0;4
2;62;0;384;439;2;91;0;15;5;-1;-1;0;4
2;62;0;447;437;3;92;0;1;5;-1;-1;0;4
2;62;0;447;438;3;92;0;1;5;-1;-1;0;4
2;62;0;447;439;3;92;0;1;5;-1;-1;0;4
2;62;0;411;433;1;79;0;11;19;-1;-1;0;10
2;62;0;436;460;3;64;0;9;14;-1;-1;0;4
2;62;0;436;461;3;64;0;9;14;-1;-1;0;4
2;62;0;436;462;3;64;0;9;14;-1;-1;0;4
2;62;0;436;463;3;64;0;9;14;-1;-1;0;4
2;62;0;436;464;3;64;0;9;14;-1;-1;0;4
2;62;0;406;467;1;65;0;7;19;-1;-1;0;3
2;62;0;433;433;1;77;0;14;20;-1;-1;0;11
2;62;0;422;458;1;66;0;0;0;-1;5;0;12
2;62;0;399;455;1;88;0;7;10;-1;-1;0;3
2;62;0;393;433;1;84;0;11;19;-1;-1;0;9
2;62;0;406;455;1;94;0;7;10;-1;-1;0;3
2;62;0;399;467;1;93;0;7;13;-1;-1;0;3
2;63;0;13;45;0;64;0;39;10;-1;-1;57;1
2;63;0;14;45;0;64;0;39;10;-1;-1;57;1
2;63;0;15;45;0;64;0;39;10;-1;-1;57;1
2;64;0;9;12;2;62;0;436;462;-1;-1;107;4
2;64;0;9;13;2;62;0;436;462;-1;-1;107;4
2;64;0;9;14;2;62;0;436;462;-1;-1;107;4
2;64;0;9;15;2;62;0;436;462;-1;-1;107;4
2;64;0;39;10;1;63;0;14;45;-1;-1;107;4
2;65;0;6;19;0;62;0;406;467;-1;-1;13;1
2;65;0;7;19;0;62;0;406;467;-1;-1;13;1
2;65;0;8;19;0;62;0;406;467;-1;-1;13;1
2;66;0;9;-5;3;67;0;2;12;3;-1;101;4
2;66;0;10;-5;3;67;0;2;12;3;-1;101;4
2;66;0;11;-5;3;67;0;2;12;3;-1;101;4
2;66;0;9;-4;3;67;0;2;12;3;-1;101;4
2;66;0;10;-4;3;67;0;2;12;3;-1;101;4
2;66;0;11;-4;3;67;0;2;12;3;-1;101;4
2;66;0;9;-3;3;67;0;2;12;3;-1;101;4
2;66;0;10;-3;3;67;0;2;12;3;-1;101;4
2;66;0;11;-3;3;67;0;2;12;3;-1;101;4
2;66;0;2;-5;3;68;0;2;12;3;-1;101;4
2;66;0;3;-5;3;68;0;2;12;3;-1;101;4
2;66;0;4;-5;3;68;0;2;12;3;-1;101;4
2;66;0;2;-4;3;68;0;2;12;3;-1;101;4
2;66;0;3;-4;3;68;0;2;12;3;-1;101;4
2;66;0;4;-4;3;68;0;2;12;3;-1;101;4
2;66;0;2;-3;3;68;0;2;12;3;-1;101;4
2;66;0;3;-3;3;68;0;2;12;3;-1;101;4
2;66;0;4;-3;3;68;0;2;12;3;-1;101;4
2;66;0;12;-5;3;69;0;2;12;1;-1;101;4
2;66;0;13;-5;3;69;0;2;12;1;-1;101;4
2;66;0;14;-5;3;69;0;2;12;1;-1;101;4
2;66;0;12;-4;3;69;0;2;12;1;-1;101;4
2;66;0;13;-4;3;69;0;2;12;1;-1;101;4
2;66;0;14;-4;3;69;0;2;12;1;-1;101;4
2;66;0;12;-3;3;69;0;2;12;1;-1;101;4
2;66;0;13;-3;3;69;0;2;12;1;-1;101;4
2;66;0;14;-3;3;69;0;2;12;1;-1;101;4
2;66;0;6;-5;3;70;0;2;12;1;-1;101;4
2;66;0;7;-5;3;70;0;2;12;1;-1;101;4
2;66;0;8;-5;3;70;0;2;12;1;-1;101;4
2;66;0;6;-4;3;70;0;2;12;1;-1;101;4
2;66;0;7;-4;3;70;0;2;12;1;-1;101;4
2;66;0;8;-4;3;70;0;2;12;1;-1;101;4
2;66;0;6;-3;3;70;0;2;12;1;-1;101;4
2;66;0;7;-3;3;70;0;2;12;1;-1;101;4
2;66;0;8;-3;3;70;0;2;12;1;-1;101;4
2;66;0;12;-5;3;71;0;2;12;2;-1;101;4
2;66;0;13;-5;3;71;0;2;12;2;-1;101;4
2;66;0;14;-5;3;71;0;2;12;2;-1;101;4
2;66;0;12;-4;3;71;0;2;12;2;-1;101;4
2;66;0;13;-4;3;71;0;2;12;2;-1;101;4
2;66;0;14;-4;3;71;0;2;12;2;-1;101;4
2;66;0;12;-3;3;71;0;2;12;2;-1;101;4
2;66;0;13;-3;3;71;0;2;12;2;-1;101;4
2;66;0;14;-3;3;71;0;2;12;2;-1;101;4
2;66;0;3;-5;3;72;0;2;12;0;-1;101;4
2;66;0;4;-5;3;72;0;2;12;0;-1;101;4
2;66;0;5;-5;3;72;0;2;12;0;-1;101;4
2;66;0;3;-4;3;72;0;2;12;0;-1;101;4
2;66;0;4;-4;3;72;0;2;12;0;-1;101;4
2;66;0;5;-4;3;72;0;2;12;0;-1;101;4
2;66;0;3;-3;3;72;0;2;12;0;-1;101;4
2;66;0;4;-3;3;72;0;2;12;0;-1;101;4
2;66;0;5;-3;3;72;0;2;12;0;-1;101;4
2;66;0;6;-5;3;73;0;2;12;2;-1;101;4
2;66;0;7;-5;3;73;0;2;12;2;-1;101;4
2;66;0;8;-5;3;73;0;2;12;2;-1;101;4
2;66;0;6;-4;3;73;0;2;12;2;-1;101;4
2;66;0;7;-4;3;73;0;2;12;2;-1;101;4
2;66;0;8;-4;3;73;0;2;12;2;-1;101;4
2;66;0;6;-3;3;73;0;2;12;2;-1;101;4
2;66;0;7;-3;3;73;0;2;12;2;-1;101;4
2;66;0;8;-3;3;73;0;2;12;2;-1;101;4
2;66;0;9;-5;3;74;0;2;12;0;-1;101;4
2;66;0;10;-5;3;74;0;2;12;0;-1;101;4
2;66;0;11;-5;3;74;0;2;12;0;-1;101;4
2;66;0;9;-4;3;74;0;2;12;0;-1;101;4
2;66;0;10;-4;3;74;0;2;12;0;-1;101;4
2;66;0;11;-4;3;74;0;2;12;0;-1;101;4
2;66;0;9;-3;3;74;0;2;12;0;-1;101;4
2;66;0;10;-3;3;74;0;2;12;0;-1;101;4
2;66;0;11;-3;3;74;0;2;12;0;-1;101;4
2;66;0;0;-1;3;62;0;422;458;5;-1;101;1
2;66;0;-1;0;3;62;0;422;458;5;-1;101;1
2;66;0;0;0;3;62;0;422;458;5;-1;101;1
2;66;0;1;0;3;62;0;422;458;5;-1;101;1
2;66;0;0;1;3;62;0;422;458;5;-1;101;1
2;67;0;2;11;2;66;0;10;-4;-1;3;165;2
2;67;0;2;12;2;66;0;10;-4;-1;3;165;2
2;67;0;2;13;2;66;0;10;-4;-1;3;165;2
2;68;0;2;11;2;66;0;3;-4;-1;3;165;2
2;68;0;2;12;2;66;0;3;-4;-1;3;165;2
2;68;0;2;13;2;66;0;3;-4;-1;3;165;2
2;69;0;2;11;2;66;0;13;-4;-1;1;165;2
2;69;0;2;12;2;66;0;13;-4;-1;1;165;2
2;69;0;2;13;2;66;0;13;-4;-1;1;165;2
2;70;0;2;11;2;66;0;7;-4;-1;1;165;2
2;70;0;2;12;2;66;0;7;-4;-1;1;165;2
2;70;0;2;13;2;66;0;7;-4;-1;1;165;2
2;71;0;2;11;2;66;0;13;-4;-1;2;165;2
2;71;0;2;12;2;66;0;13;-4;-1;2;165;2
2;71;0;2;13;2;66;0;13;-4;-1;2;165;2
2;72;0;2;11;2;66;0;4;-4;-1;0;165;2
2;72;0;2;12;2;66;0;4;-4;-1;0;165;2
2;72;0;2;13;2;66;0;4;-4;-1;0;165;2
2;73;0;2;11;2;66;0;7;-4;-1;2;165;2
2;73;0;2;12;2;66;0;7;-4;-1;2;165;2
2;73;0;2;13;2;66;0;7;-4;-1;2;165;2
2;74;0;2;11;2;66;0;10;-4;-1;0;165;2
2;74;0;2;12;2;66;0;10;-4;-1;0;165;2
2;74;0;2;13;2;66;0;10;-4;-1;0;165;2
2;77;0;13;20;0;62;0;433;433;-1;-1;58;1
2;77;0;14;20;0;62;0;433;433;-1;-1;58;1
2;77;0;15;20;0;62;0;433;433;-1;-1;58;1
2;79;0;10;19;0;62;0;411;433;-1;-1;98;1
2;79;0;11;19;0;62;0;411;433;-1;-1;98;1
2;79;0;12;19;0;62;0;411;433;-1;-1;98;1
2;79;0;11;8;1;81;0;9;29;-1;-1;98;5
2;79;0;11;1;1;80;0;16;29;-1;-1;98;4
2;80;0;15;29;0;79;0;11;1;-1;-1;221;1
2;80;0;16;29;0;79;0;11;1;-1;-1;221;1
2;80;0;17;29;0;79;0;11;1;-1;-1;221;1
2;81;0;9;29;-1;79;0;11;8;-1;-1;105;5
2;82;0;9;61;-1;79;0;11;8;-1;-1;222;5
2;83;0;10;29;-1;79;0;11;8;-1;-1;176;5
2;84;0;10;19;0;62;0;393;433;-1;-1;99;1
2;84;0;11;19;0;62;0;393;433;-1;-1;99;1
2;84;0;12;19;0;62;0;393;433;-1;-1;99;1
2;84;0;11;1;1;85;0;16;29;-1;-1;99;4
2;84;0;11;8;1;86;0;6;25;-1;-1;99;5
2;85;0;15;29;0;84;0;11;1;-1;-1;223;1
2;85;0;16;29;0;84;0;11;1;-1;-1;223;1
2;85;0;17;29;0;84;0;11;1;-1;-1;223;1
2;86;0;6;25;-1;84;0;11;8;-1;-1;100;5
2;87;0;6;25;-1;84;0;11;8;-1;-1;220;5
2;88;0;6;10;0;62;0;399;455;-1;-1;26;1
2;88;0;7;10;0;62;0;399;455;-1;-1;26;1
2;88;0;8;10;0;62;0;399;455;-1;-1;26;1
2;88;0;8;2;3;89;0;10;2;-1;-1;26;2
2;89;0;10;2;2;88;0;8;2;-1;-1;27;2
2;90;0;4;1;1;62;0;430;479;-1;-1;12;1
2;90;0;5;1;1;62;0;430;479;-1;-1;12;1
2;90;0;6;1;1;62;0;430;479;-1;-1;12;1
2;90;0;4;14;0;70;1;430;489;-1;-1;12;1
2;90;0;5;14;0;70;1;430;489;-1;-1;12;1
2;90;0;6;14;0;70;1;430;489;-1;-1;12;1
2;91;0;15;4;3;62;0;384;438;-1;-1;50;1
2;91;0;15;5;3;62;0;384;438;-1;-1;50;1
2;91;0;15;6;3;62;0;384;438;-1;-1;50;1
2;91;0;1;4;2;73;1;377;438;-1;-1;50;1
2;91;0;1;5;2;73;1;377;438;-1;-1;50;1
2;91;0;1;6;2;73;1;377;438;-1;-1;50;1
2;92;0;15;4;3;127;1;454;438;-1;-1;50;1
2;92;0;15;5;3;127;1;454;438;-1;-1;50;1
2;92;0;15;6;3;127;1;454;438;-1;-1;50;1
2;92;0;1;4;2;62;0;447;438;-1;-1;50;1
2;92;0;1;5;2;62;0;447;438;-1;-1;50;1
2;92;0;1;6;2;62;0;447;438;-1;-1;50;1
2;93;0;6;13;0;62;0;399;467;-1;-1;241;1
2;93;0;7;13;0;62;0;399;467;-1;-1;241;1
2;93;0;8;13;0;62;0;399;467;-1;-1;241;1
2;94;0;8;2;3;95;0;10;2;-1;-1;26;2
2;94;0;6;10;0;62;0;406;455;-1;-1;26;1
2;94;0;7;10;0;62;0;406;455;-1;-1;26;1
2;94;0;8;10;0;62;0;406;455;-1;-1;26;1
2;95;0;10;2;2;94;0;8;2;-1;-1;27;2
2;96;0;246;431;3;253;0;43;47;-1;-1;0;4
2;96;0;246;432;3;253;0;43;47;-1;-1;0;4
2;96;0;246;433;3;253;0;43;47;-1;-1;0;4
2;96;0;187;420;1;100;0;5;9;-1;-1;0;3
2;96;0;194;420;1;101;0;5;9;-1;-1;0;3
2;96;0;187;429;1;102;0;5;9;-1;-1;0;3
2;96;0;195;429;1;103;0;5;9;-1;-1;0;3
2;96;0;174;425;1;105;0;9;18;-1;-1;0;4
2;96;0;178;421;2;105;0;18;9;-1;-1;0;4
2;96;0;174;416;0;105;0;9;0;-1;-1;0;4
2;96;0;187;412;1;99;0;7;19;-1;-1;0;3
2;96;0;212;400;1;98;0;7;15;-1;-1;0;14
2;96;0;197;395;1;104;0;7;18;-1;-1;0;3
2;96;0;173;411;1;106;0;6;9;-1;-1;0;3
2;96;0;170;421;3;105;0;0;9;-1;-1;0;4
2;98;0;6;15;0;96;0;212;400;-1;-1;180;1
2;98;0;7;15;0;96;0;212;400;-1;-1;180;1
2;98;0;8;15;0;96;0;212;400;-1;-1;180;1
2;99;0;6;19;0;96;0;187;412;-1;-1;13;1
2;99;0;7;19;0;96;0;187;412;-1;-1;13;1
2;99;0;8;19;0;96;0;187;412;-1;-1;13;1
2;100;0;4;9;0;96;0;187;420;-1;-1;46;1
2;100;0;5;9;0;96;0;187;420;-1;-1;46;1
2;100;0;6;9;0;96;0;187;420;-1;-1;46;1
2;101;0;4;9;0;96;0;194;420;-1;-1;46;1
2;101;0;5;9;0;96;0;194;420;-1;-1;46;1
2;101;0;6;9;0;96;0;194;420;-1;-1;46;1
2;102;0;4;9;0;96;0;187;429;-1;-1;46;1
2;102;0;5;9;0;96;0;187;429;-1;-1;46;1
2;102;0;6;9;0;96;0;187;429;-1;-1;46;1
2;103;0;4;9;0;96;0;195;429;-1;-1;46;1
2;103;0;5;9;0;96;0;195;429;-1;-1;46;1
2;103;0;6;9;0;96;0;195;429;-1;-1;46;1
2;104;0;6;18;0;96;0;197;395;-1;-1;59;1
2;104;0;7;18;0;96;0;197;395;-1;-1;59;1
2;104;0;8;18;0;96;0;197;395;-1;-1;59;1
2;105;0;8;18;0;96;0;174;425;-1;-1;60;1
2;105;0;9;18;0;96;0;174;425;-1;-1;60;1
2;105;0;10;18;0;96;0;174;425;-1;-1;60;1
2;105;0;18;8;3;96;0;178;421;-1;-1;60;1
2;105;0;18;9;3;96;0;178;421;-1;-1;60;1
2;105;0;18;10;3;96;0;178;421;-1;-1;60;1
2;105;0;8;0;1;96;0;174;416;-1;-1;60;1
2;105;0;9;0;1;96;0;174;416;-1;-1;60;1
2;105;0;10;0;1;96;0;174;416;-1;-1;60;1
2;105;0;0;8;2;96;0;170;421;-1;-1;60;1
2;105;0;0;9;2;96;0;170;421;-1;-1;60;1
2;105;0;0;10;2;96;0;170;421;-1;-1;60;1
2;106;0;5;9;0;96;0;173;411;-1;-1;44;1
2;106;0;6;9;0;96;0;173;411;-1;-1;44;1
2;106;0;7;9;0;96;0;173;411;-1;-1;44;1
2;107;0;108;304;1;109;0;7;19;-1;-1;0;3
2;107;0;118;307;1;112;0;5;9;-1;-1;0;3
2;107;0;78;268;1;108;0;15;40;-1;-1;0;3
2;107;0;92;295;1;111;0;14;24;-1;-1;0;15
2;107;0;104;295;1;110;0;5;9;-1;-1;0;3
2;107;0;103;311;0;195;0;75;5;-1;-1;0;4
2;108;0;14;40;0;107;0;78;268;-1;-1;62;1
2;108;0;15;40;0;107;0;78;268;-1;-1;62;1
2;108;0;16;40;0;107;0;78;268;-1;-1;62;1
2;109;0;6;19;0;107;0;108;304;-1;-1;13;1
2;109;0;7;19;0;107;0;108;304;-1;-1;13;1
2;109;0;8;19;0;107;0;108;304;-1;-1;13;1
2;110;0;4;9;0;107;0;104;295;-1;-1;46;1
2;110;0;5;9;0;107;0;104;295;-1;-1;46;1
2;110;0;6;9;0;107;0;104;295;-1;-1;46;1
2;111;0;13;24;0;107;0;92;295;-1;-1;63;1
2;111;0;14;24;0;107;0;92;295;-1;-1;63;1
2;111;0;15;24;0;107;0;92;295;-1;-1;63;1
2;112;0;4;9;0;107;0;118;307;-1;-1;46;1
2;112;0;5;9;0;107;0;118;307;-1;-1;46;1
2;112;0;6;9;0;107;0;118;307;-1;-1;46;1
2;113;0;183;167;1;117;0;6;9;-1;-1;0;3
2;113;0;184;195;1;115;0;7;19;-1;-1;0;3
2;113;0;185;181;1;116;0;5;9;-1;-1;0;3
2;113;0;171;167;1;114;0;17;63;-1;-1;0;4
2;113;0;172;167;1;114;0;17;63;-1;-1;0;4
2;113;0;173;167;1;114;0;17;63;-1;-1;0;4
2;113;0;170;208;2;202;0;61;14;-1;-1;0;4
2;113;0;169;181;1;119;0;5;9;-1;-1;0;3
2;113;0;210;217;1;118;0;5;9;-1;-1;0;3
2;114;0;16;63;0;113;0;172;167;-1;-1;64;1
2;114;0;17;63;0;113;0;172;167;-1;-1;64;1
2;114;0;18;63;0;113;0;172;167;-1;-1;64;1
2;115;0;6;19;0;113;0;184;195;-1;-1;13;1
2;115;0;7;19;0;113;0;184;195;-1;-1;13;1
2;115;0;8;19;0;113;0;184;195;-1;-1;13;1
2;116;0;4;9;0;113;0;185;181;-1;-1;46;1
2;116;0;5;9;0;113;0;185;181;-1;-1;46;1
2;116;0;6;9;0;113;0;185;181;-1;-1;46;1
2;117;0;5;9;0;113;0;183;167;-1;-1;44;1
2;117;0;6;9;0;113;0;183;167;-1;-1;44;1
2;117;0;7;9;0;113;0;183;167;-1;-1;44;1
2;118;0;4;9;0;113;0;210;217;-1;-1;46;1
2;118;0;5;9;0;113;0;210;217;-1;-1;46;1
2;118;0;6;9;0;113;0;210;217;-1;-1;46;1
2;119;0;4;9;0;113;0;169;181;-1;-1;46;1
2;119;0;5;9;0;113;0;169;181;-1;-1;46;1
2;119;0;6;9;0;113;0;169;181;-1;-1;46;1
2;120;0;384;174;2;131;0;15;5;-1;-1;0;4
2;120;0;384;175;2;131;0;15;5;-1;-1;0;4
2;120;0;384;176;2;131;0;15;5;-1;-1;0;4
2;120;0;425;172;1;122;0;7;19;-1;-1;0;3
2;120;0;405;144;1;121;0;27;50;-1;-1;0;21
2;120;0;418;159;1;123;0;9;14;-1;-1;0;3
2;120;0;424;144;1;125;0;9;14;-1;-1;0;3
2;120;0;398;164;1;127;0;9;14;-1;-1;0;3
2;120;0;425;154;1;129;0;9;14;-1;-1;0;3
2;120;0;447;174;3;133;0;1;5;-1;-1;0;4
2;120;0;447;175;3;133;0;1;5;-1;-1;0;4
2;120;0;447;176;3;133;0;1;5;-1;-1;0;4
2;120;0;430;134;1;132;0;5;14;-1;-1;0;4
2;120;0;431;134;1;132;0;5;14;-1;-1;0;4
2;120;0;432;134;1;132;0;5;14;-1;-1;0;4
2;120;0;415;144;1;134;0;9;14;-1;-1;0;3
2;121;0;26;50;0;120;0;405;144;-1;-1;66;1
2;121;0;27;50;0;120;0;405;144;-1;-1;66;1
2;121;0;28;50;0;120;0;405;144;-1;-1;66;1
2;121;0;27;0;-1;121;0;26;45;-1;-1;66;5
2;121;0;26;45;1;121;0;27;0;-1;-1;66;5
2;122;0;6;19;0;120;0;425;172;-1;-1;13;1
2;122;0;7;19;0;120;0;425;172;-1;-1;13;1
2;122;0;8;19;0;120;0;425;172;-1;-1;13;1
2;123;0;8;14;0;120;0;418;159;-1;-1;68;1
2;123;0;9;14;0;120;0;418;159;-1;-1;68;1
2;123;0;10;14;0;120;0;418;159;-1;-1;68;1
2;123;0;10;4;3;124;0;9;4;-1;-1;68;2
2;124;0;9;4;2;123;0;10;4;-1;-1;161;2
2;125;0;8;14;0;120;0;424;144;-1;-1;68;1
2;125;0;9;14;0;120;0;424;144;-1;-1;68;1
2;125;0;10;14;0;120;0;424;144;-1;-1;68;1
2;125;0;10;4;3;126;0;9;4;-1;-1;68;2
2;126;0;9;4;2;125;0;10;4;-1;-1;161;2
2;127;0;8;14;0;120;0;398;164;-1;-1;68;1
2;127;0;9;14;0;120;0;398;164;-1;-1;68;1
2;127;0;10;14;0;120;0;398;164;-1;-1;68;1
2;127;0;10;4;3;128;0;9;4;-1;-1;68;2
2;128;0;9;4;2;127;0;10;4;-1;-1;161;2
2;129;0;8;14;0;120;0;425;154;-1;-1;68;1
2;129;0;9;14;0;120;0;425;154;-1;-1;68;1
2;129;0;10;14;0;120;0;425;154;-1;-1;68;1
2;129;0;10;4;3;130;0;9;4;-1;-1;68;2
2;130;0;9;4;2;129;0;10;4;-1;-1;161;2
2;131;0;1;4;2;92;1;377;175;-1;-1;50;1
2;131;0;1;5;2;92;1;377;175;-1;-1;50;1
2;131;0;1;6;2;92;1;377;175;-1;-1;50;1
2;131;0;15;4;3;120;0;384;175;-1;-1;50;1
2;131;0;15;5;3;120;0;384;175;-1;-1;50;1
2;131;0;15;6;3;120;0;384;175;-1;-1;50;1
2;132;0;4;14;0;120;0;431;134;-1;-1;12;1
2;132;0;5;14;0;120;0;431;134;-1;-1;12;1
2;132;0;6;14;0;120;0;431;134;-1;-1;12;1
2;132;0;4;1;1;99;1;431;127;-1;-1;12;1
2;132;0;5;1;1;99;1;431;127;-1;-1;12;1
2;132;0;6;1;1;99;1;431;127;-1;-1;12;1
2;133;0;1;4;2;120;0;447;175;-1;-1;50;1
2;133;0;1;5;2;120;0;447;175;-1;-1;50;1
2;133;0;1;6;2;120;0;447;175;-1;-1;50;1
2;133;0;15;4;3;109;1;454;175;-1;-1;50;1
2;133;0;15;5;3;109;1;454;175;-1;-1;50;1
2;133;0;15;6;3;109;1;454;175;-1;-1;50;1
2;134;0;8;14;0;120;0;415;144;-1;-1;68;1
2;134;0;9;14;0;120;0;415;144;-1;-1;68;1
2;134;0;10;14;0;120;0;415;144;-1;-1;68;1
2;134;0;10;4;3;135;0;9;4;-1;-1;68;2
2;135;0;9;4;2;134;0;10;4;-1;-1;161;2
2;136;0;28;58;0;214;0;3;-3;-1;60;87;1
2;136;0;29;58;0;214;0;3;-3;-1;60;87;1
2;136;0;30;58;0;214;0;3;-3;-1;60;87;1
2;136;0;31;58;0;214;0;3;-3;-1;60;87;1
2;136;0;32;58;0;214;0;3;-3;-1;60;87;1
2;136;0;33;58;0;214;0;3;-3;-1;60;87;1
2;136;0;34;58;0;214;0;3;-3;-1;60;87;1
2;136;0;35;58;0;214;0;3;-3;-1;60;87;1
2;136;0;36;58;0;214;0;3;-3;-1;60;87;1
2;136;0;31;45;1;137;0;31;51;-1;-1;87;0
2;136;0;32;45;1;137;0;31;51;-1;-1;87;0
2;136;0;33;45;1;137;0;31;51;-1;-1;87;0
2;136;0;18;47;1;146;0;7;19;-1;-1;87;4
2;136;0;19;47;1;146;0;7;19;-1;-1;87;4
2;136;0;20;47;1;146;0;7;19;-1;-1;87;4
2;137;0;5;-1;1;140;0;15;30;1;-1;210;38
2;137;0;4;0;1;140;0;15;30;1;-1;210;38
2;137;0;5;0;1;140;0;15;30;1;-1;210;38
2;137;0;6;0;1;140;0;15;30;1;-1;210;38
2;137;0;5;1;1;140;0;15;30;1;-1;210;38
2;137;0;5;-1;1;142;0;15;30;8;-1;210;41
2;137;0;4;0;1;142;0;15;30;8;-1;210;41
2;137;0;5;0;1;142;0;15;30;8;-1;210;41
2;137;0;6;0;1;142;0;15;30;8;-1;210;41
2;137;0;5;1;1;142;0;15;30;8;-1;210;41
2;137;0;3;-1;1;143;0;15;30;6;-1;210;42
2;137;0;2;0;1;143;0;15;30;6;-1;210;42
2;137;0;3;0;1;143;0;15;30;6;-1;210;42
2;137;0;4;0;1;143;0;15;30;6;-1;210;42
2;137;0;3;1;1;143;0;15;30;6;-1;210;42
2;137;0;3;-1;1;141;0;15;30;3;-1;210;39
2;137;0;2;0;1;141;0;15;30;3;-1;210;39
2;137;0;3;0;1;141;0;15;30;3;-1;210;39
2;137;0;4;0;1;141;0;15;30;3;-1;210;39
2;137;0;3;1;1;141;0;15;30;3;-1;210;39
2;138;0;31;2;1;144;0;16;29;-1;-1;211;4
2;138;0;32;2;1;144;0;16;29;-1;-1;211;4
2;139;0;30;11;1;8;1;25;20;-1;-1;219;4
2;139;0;30;33;0;144;0;14;0;-1;-1;219;4
2;144;0;15;29;0;138;0;32;2;-1;-1;125;1
2;144;0;16;29;0;138;0;32;2;-1;-1;125;1
2;144;0;17;29;0;138;0;32;2;-1;-1;125;1
2;144;0;14;0;1;139;0;30;33;-1;-1;125;4
2;146;0;6;19;0;136;0;19;47;-1;-1;54;1
2;146;0;7;19;0;136;0;19;47;-1;-1;54;1
2;146;0;8;19;0;136;0;19;47;-1;-1;54;1
2;147;0;395;746;1;148;0;17;22;-1;-1;0;37
2;148;0;16;22;0;147;0;395;746;-1;-1;168;1
2;148;0;17;22;0;147;0;395;746;-1;-1;168;1
2;148;0;18;22;0;147;0;395;746;-1;-1;168;1
2;152;0;52;11;2;153;0;26;3;-1;-1;14;2
2;152;0;52;12;2;153;0;26;3;-1;-1;14;2
2;152;0;52;13;2;153;0;26;3;-1;-1;14;2
2;152;0;52;46;2;153;0;26;27;-1;-1;14;2
2;152;0;52;47;2;153;0;26;27;-1;-1;14;2
2;152;0;52;48;2;153;0;26;27;-1;-1;14;2
2;152;0;8;26;2;6;0;805;582;-1;-1;14;4
2;152;0;8;27;2;6;0;805;582;-1;-1;14;4
2;152;0;8;28;2;6;0;805;582;-1;-1;14;4
2;152;0;8;29;2;6;0;805;582;-1;-1;14;4
2;152;0;20;38;3;153;0;3;20;-1;-1;14;2
2;152;0;20;39;3;153;0;3;20;-1;-1;14;2
2;152;0;20;40;3;153;0;3;20;-1;-1;14;2
2;153;0;26;3;3;152;0;52;12;-1;-1;15;2
2;153;0;26;27;3;152;0;52;47;-1;-1;15;2
2;153;0;3;20;2;152;0;20;39;-1;-1;15;2
2;154;0;584;588;2;155;0;86;75;-1;-1;0;4
2;154;0;584;589;2;155;0;86;75;-1;-1;0;4
2;154;0;584;590;2;155;0;86;75;-1;-1;0;4
2;154;0;584;591;2;155;0;86;75;-1;-1;0;4
2;155;0;86;73;3;154;0;584;590;-1;-1;16;4
2;155;0;86;74;3;154;0;584;590;-1;-1;16;4
2;155;0;86;75;3;154;0;584;590;-1;-1;16;4
2;155;0;86;76;3;154;0;584;590;-1;-1;16;4
2;155;0;86;77;3;154;0;584;590;-1;-1;16;4
2;155;0;72;23;1;250;0;16;30;-1;-1;16;4
2;155;0;73;23;1;250;0;16;30;-1;-1;16;4
2;155;0;74;23;1;250;0;16;30;-1;-1;16;4
2;155;0;75;23;1;250;0;16;30;-1;-1;16;4
2;155;0;107;27;1;156;0;16;23;-1;-1;16;4
2;155;0;108;27;1;156;0;16;23;-1;-1;16;4
2;156;0;15;23;0;155;0;108;27;-1;-1;224;4
2;156;0;16;23;0;155;0;108;27;-1;-1;224;4
2;157;0;370;488;1;159;0;5;14;-1;-1;0;4
2;157;0;371;488;1;159;0;5;14;-1;-1;0;4
2;157;0;372;488;1;159;0;5;14;-1;-1;0;4
2;158;0;82;83;0;159;0;5;1;-1;-1;103;4
2;158;0;83;83;0;159;0;5;1;-1;-1;103;4
2;158;0;84;83;0;159;0;5;1;-1;-1;103;4
2;158;0;61;29;1;160;0;24;24;-1;-1;103;4
2;158;0;27;31;1;190;0;15;21;-1;-1;103;25
2;159;0;4;14;0;157;0;371;488;-1;-1;12;1
2;159;0;5;14;0;157;0;371;488;-1;-1;12;1
2;159;0;6;14;0;157;0;371;488;-1;-1;12;1
2;159;0;4;1;1;158;0;83;83;-1;-1;12;1
2;159;0;5;1;1;158;0;83;83;-1;-1;12;1
2;159;0;6;1;1;158;0;83;83;-1;-1;12;1
2;160;0;7;20;3;161;0;18;19;-1;-1;17;2
2;160;0;23;6;2;161;0;26;4;-1;-1;17;2
2;160;0;24;24;0;158;0;61;29;-1;-1;17;2
2;161;0;26;4;3;160;0;23;6;-1;-1;18;2
2;161;0;19;4;2;162;0;13;7;-1;-1;18;2
2;161;0;18;19;2;160;0;7;20;-1;-1;18;2
2;162;0;13;7;3;161;0;19;4;-1;-1;19;2
2;162;0;8;7;2;163;0;15;5;-1;-1;19;2
2;163;0;15;5;3;162;0;8;7;-1;-1;20;2
2;163;0;10;5;2;164;0;12;6;-1;-1;20;2
2;164;0;12;6;3;163;0;10;5;-1;-1;21;2
2;164;0;6;6;2;165;0;7;7;-1;-1;21;2
2;165;0;7;7;3;164;0;6;6;-1;-1;22;2
2;165;0;22;17;1;166;0;26;24;-1;-1;22;4
2;166;0;9;8;2;167;0;12;7;-1;-1;70;4
2;166;0;25;24;0;165;0;22;17;-1;-1;70;4
2;166;0;26;24;0;165;0;22;17;-1;-1;70;4
2;166;0;27;24;0;165;0;22;17;-1;-1;70;4
2;167;0;12;7;3;166;0;9;8;-1;-1;71;4
2;167;0;6;13;0;177;0;6;1;-1;-1;71;4
2;167;0;0;7;2;171;0;12;7;-1;-1;71;4
2;168;0;12;7;3;173;0;0;7;-1;-1;71;4
2;168;0;6;13;0;179;0;6;1;-1;-1;71;4
2;168;0;0;7;2;183;0;26;24;-1;-1;71;4
2;169;0;12;7;3;174;0;0;7;-1;-1;71;4
2;169;0;6;13;0;180;0;6;1;-1;-1;71;4
2;169;0;0;7;2;179;0;12;7;-1;-1;71;4
2;170;0;12;7;3;177;0;0;7;-1;-1;71;4
2;170;0;6;13;0;178;0;6;1;-1;-1;71;4
2;170;0;0;7;2;174;0;12;7;-1;-1;71;4
2;171;0;12;7;3;167;0;0;7;-1;-1;72;4
2;171;0;0;7;2;172;0;12;7;-1;-1;72;4
2;172;0;12;7;3;171;0;0;7;-1;-1;72;4
2;172;0;0;7;2;173;0;12;7;-1;-1;72;4
2;173;0;12;7;3;172;0;0;7;-1;-1;72;4
2;173;0;0;7;2;168;0;12;7;-1;-1;72;4
2;174;0;12;7;3;170;0;0;7;-1;-1;72;4
2;174;0;0;7;2;169;0;12;7;-1;-1;72;4
2;175;0;12;7;3;181;0;0;7;-1;-1;72;4
2;175;0;0;7;2;180;0;12;7;-1;-1;72;4
2;176;0;12;7;3;178;0;0;7;-1;-1;72;4
2;176;0;0;7;2;181;0;12;7;-1;-1;72;4
2;177;0;6;1;1;167;0;6;13;-1;-1;73;4
2;177;0;0;7;2;170;0;12;7;-1;-1;73;4
2;178;0;6;1;1;170;0;6;13;-1;-1;73;4
2;178;0;0;7;2;176;0;12;7;-1;-1;73;4
2;179;0;6;1;1;168;0;6;13;-1;-1;74;4
2;179;0;12;7;3;169;0;0;7;-1;-1;74;4
2;180;0;6;1;1;169;0;6;13;-1;-1;74;4
2;180;0;12;7;3;175;0;0;7;-1;-1;74;4
2;181;0;0;7;2;175;0;12;7;-1;-1;75;4
2;181;0;12;7;3;176;0;0;7;-1;-1;75;4
2;181;0;6;1;1;182;0;16;27;-1;-1;75;4
2;182;0;16;27;0;181;0;6;1;-1;-1;76;4
2;183;0;26;24;3;168;0;0;7;-1;-1;78;4
2;183;0;9;7;1;184;0;13;26;-1;-1;78;4
2;184;0;10;19;3;185;0;15;19;-1;-1;79;2
2;184;0;13;26;0;183;0;9;7;-1;-1;79;4
2;185;0;10;19;3;186;0;15;19;-1;-1;80;2
2;185;0;15;19;2;184;0;10;19;-1;-1;80;2
2;186;0;10;19;3;187;0;17;14;-1;-1;81;2
2;186;0;15;19;2;185;0;10;19;-1;-1;81;2
2;187;0;12;14;3;188;0;17;14;-1;-1;82;2
2;187;0;17;14;2;186;0;10;19;-1;-1;82;2
2;188;0;12;14;3;189;0;17;14;-1;-1;83;2
2;188;0;17;14;2;187;0;12;14;-1;-1;83;2
2;189;0;12;14;3;190;0;18;13;-1;-1;84;2
2;189;0;17;14;2;188;0;12;14;-1;-1;84;2
2;190;0;15;21;0;158;0;27;31;-1;-1;85;4
2;190;0;18;13;2;189;0;12;14;-1;-1;85;2
2;191;0;164;472;1;192;0;8;31;-1;-1;0;13
2;192;0;7;31;0;191;0;164;472;-1;-1;86;1
2;192;0;8;31;0;191;0;164;472;-1;-1;86;1
2;192;0;9;31;0;191;0;164;472;-1;-1;86;1
2;192;0;5;7;1;193;0;4;17;-1;-1;86;3
2;193;0;3;17;0;192;0;5;7;-1;-1;69;1
2;193;0;4;17;0;192;0;5;7;-1;-1;69;1
2;193;0;5;17;0;192;0;5;7;-1;-1;69;1
2;194;0;107;339;1;195;0;7;60;-1;-1;0;4
2;195;0;7;60;0;194;0;107;339;-1;-1;23;4
2;195;0;75;5;1;107;0;103;311;-1;-1;23;4
2;195;0;66;50;2;196;0;61;50;-1;-1;23;2
2;195;0;22;42;3;196;0;23;42;-1;-1;23;2
2;195;0;55;5;2;196;0;53;5;-1;-1;23;2
2;196;0;23;42;2;195;0;22;42;-1;-1;24;2
2;196;0;61;50;3;195;0;66;50;-1;-1;24;2
2;196;0;53;5;3;195;0;55;5;-1;-1;24;2
2;196;0;41;8;2;197;0;9;7;-1;-1;24;2
2;197;0;9;7;3;196;0;41;8;-1;-1;25;2
2;198;0;140;202;1;200;0;4;61;-1;-1;0;4
2;199;0;13;47;2;200;0;17;48;-1;-1;93;4
2;199;0;33;54;0;200;0;36;50;-1;-1;93;4
2;199;0;48;51;0;200;0;49;47;-1;-1;93;4
2;199;0;55;38;3;200;0;53;36;-1;-1;93;4
2;199;0;49;18;3;200;0;34;4;-1;-1;93;4
2;199;0;46;42;3;201;0;46;53;-1;-1;93;4
2;199;0;17;42;2;201;0;29;59;-1;-1;93;4
2;199;0;14;25;2;201;0;26;42;-1;-1;93;4
2;199;0;22;15;1;201;0;7;29;-1;-1;93;4
2;199;0;23;21;1;202;0;7;26;-1;-1;93;4
2;199;0;40;22;1;202;0;50;29;-1;-1;93;4
2;199;0;25;36;1;202;0;4;61;-1;-1;93;4
2;199;0;44;33;3;202;0;49;48;-1;-1;93;4
2;199;0;33;19;1;201;0;21;29;-1;-1;93;4
2;199;0;43;14;1;201;0;56;29;-1;-1;93;4
2;199;0;43;8;1;200;0;22;17;-1;-1;93;4
2;199;0;21;30;1;204;0;4;10;-1;-1;93;3
2;200;0;4;61;0;198;0;140;202;-1;-1;94;4
2;200;0;17;48;3;199;0;13;47;-1;-1;94;4
2;200;0;36;50;1;199;0;33;54;-1;-1;94;4
2;200;0;49;47;1;199;0;48;51;-1;-1;94;4
2;200;0;53;36;2;199;0;55;38;-1;-1;94;4
2;200;0;34;4;2;199;0;49;18;-1;-1;94;4
2;200;0;48;18;0;201;0;59;40;-1;-1;94;4
2;200;0;7;5;1;201;0;27;11;-1;-1;94;4
2;200;0;22;17;0;199;0;43;8;-1;-1;94;4
2;201;0;46;53;2;199;0;46;42;-1;-1;95;4
2;201;0;29;59;3;199;0;17;42;-1;-1;95;4
2;201;0;26;42;3;199;0;14;25;-1;-1;95;4
2;201;0;7;29;0;199;0;22;15;-1;-1;95;4
2;201;0;7;5;1;202;0;24;12;-1;-1;95;4
2;201;0;59;40;1;200;0;48;18;-1;-1;95;4
2;201;0;27;11;0;200;0;7;5;-1;-1;95;4
2;201;0;56;9;1;202;0;42;6;-1;-1;95;4
2;201;0;21;29;0;199;0;33;19;-1;-1;95;4
2;201;0;56;29;0;199;0;43;14;-1;-1;95;4
2;202;0;4;61;0;199;0;25;36;-1;-1;96;4
2;202;0;7;26;0;199;0;23;21;-1;-1;96;4
2;202;0;50;29;0;199;0;40;22;-1;-1;96;4
2;202;0;61;14;3;113;0;170;208;-1;-1;96;4
2;202;0;24;12;0;201;0;7;5;-1;-1;96;4
2;202;0;21;49;1;203;0;7;26;-1;-1;96;4
2;202;0;42;6;0;201;0;56;9;-1;-1;96;4
2;202;0;49;48;2;199;0;44;33;-1;-1;96;4
2;203;0;7;26;0;202;0;21;49;-1;-1;97;4
2;204;0;3;10;0;199;0;21;30;-1;-1;91;1
2;204;0;4;10;0;199;0;21;30;-1;-1;91;1
2;204;0;5;10;0;199;0;21;30;-1;-1;91;1
2;205;0;179;141;1;206;0;22;51;-1;-1;0;4
2;205;0;180;141;1;206;0;22;51;-1;-1;0;4
2;206;0;21;51;0;205;0;180;141;-1;-1;207;4
2;206;0;22;51;0;205;0;180;141;-1;-1;207;4
2;206;0;21;34;1;207;0;14;30;-1;-1;207;26
2;206;0;22;34;1;207;0;14;30;-1;-1;207;26
2;207;0;14;30;0;206;0;22;34;-1;-1;200;1
2;207;0;25;0;1;208;0;15;26;-1;-1;200;2
2;208;0;15;26;0;207;0;25;0;-1;-1;201;2
2;208;0;0;13;2;209;0;1;0;-1;0;201;4
2;208;0;0;14;2;209;0;1;0;-1;0;201;4
2;208;0;0;15;2;209;0;1;0;-1;0;201;4
2;209;0;1;-1;3;208;0;0;14;0;-1;202;4
2;209;0;0;0;3;208;0;0;14;0;-1;202;4
2;209;0;1;0;3;208;0;0;14;0;-1;202;4
2;209;0;2;0;3;208;0;0;14;0;-1;202;4
2;209;0;1;1;3;208;0;0;14;0;-1;202;4
2;209;0;1;-5;2;210;0;31;15;4;-1;202;4
2;209;0;0;-4;2;210;0;31;15;4;-1;202;4
2;209;0;1;-4;2;210;0;31;15;4;-1;202;4
2;209;0;2;-4;2;210;0;31;15;4;-1;202;4
2;209;0;1;-3;2;210;0;31;15;4;-1;202;4
2;210;0;31;15;3;209;0;1;-4;-1;4;203;4
2;210;0;15;1;1;211;0;1;0;-1;26;203;4
2;211;0;1;-1;0;210;0;15;1;26;-1;204;4
2;211;0;0;0;0;210;0;15;1;26;-1;204;4
2;211;0;1;0;0;210;0;15;1;26;-1;204;4
2;211;0;2;0;0;210;0;15;1;26;-1;204;4
2;211;0;1;1;0;210;0;15;1;26;-1;204;4
2;211;0;4;-1;2;212;0;17;28;4;-1;204;4
2;211;0;3;0;2;212;0;17;28;4;-1;204;4
2;211;0;4;0;2;212;0;17;28;4;-1;204;4
2;211;0;5;0;2;212;0;17;28;4;-1;204;4
2;211;0;4;1;2;212;0;17;28;4;-1;204;4
2;212;0;17;28;3;211;0;4;0;-1;4;205;2
2;212;0;9;24;3;213;0;11;24;-1;-1;205;2
2;213;0;11;24;2;212;0;9;24;-1;-1;206;2
2;214;0;4;-3;1;219;0;5;16;15;-1;162;4
2;214;0;5;-3;1;219;0;5;16;15;-1;162;4
2;214;0;4;-2;1;219;0;5;16;15;-1;162;4
2;214;0;5;-2;1;219;0;5;16;15;-1;162;4
2;214;0;4;-1;1;219;0;5;16;15;-1;162;4
2;214;0;5;-1;1;219;0;5;16;15;-1;162;4
2;214;0;1;-3;1;226;0;13;22;53;-1;162;4
2;214;0;0;-2;1;226;0;13;22;53;-1;162;4
2;214;0;1;-2;1;226;0;13;22;53;-1;162;4
2;214;0;2;-2;1;226;0;13;22;53;-1;162;4
2;214;0;1;-1;1;226;0;13;22;53;-1;162;4
2;214;0;2;-2;1;224;0;15;20;31;-1;162;4
2;214;0;3;-2;1;224;0;15;20;31;-1;162;4
2;214;0;2;-1;1;224;0;15;20;31;-1;162;4
2;214;0;3;-1;1;224;0;15;20;31;-1;162;4
2;214;0;2;0;1;224;0;15;20;31;-1;162;4
2;214;0;3;0;1;224;0;15;20;31;-1;162;4
2;214;0;3;-3;1;223;0;14;21;29;-1;162;4
2;214;0;4;-3;1;223;0;14;21;29;-1;162;4
2;214;0;3;-2;1;223;0;14;21;29;-1;162;4
2;214;0;4;-2;1;223;0;14;21;29;-1;162;4
2;214;0;3;-1;1;223;0;14;21;29;-1;162;4
2;214;0;4;-1;1;223;0;14;21;29;-1;162;4
2;214;0;1;-3;1;225;0;4;18;41;-1;162;4
2;214;0;2;-3;1;225;0;4;18;41;-1;162;4
2;214;0;1;-2;1;225;0;4;18;41;-1;162;4
2;214;0;2;-2;1;225;0;4;18;41;-1;162;4
2;214;0;1;-1;1;225;0;4;18;41;-1;162;4
2;214;0;2;-1;1;225;0;4;18;41;-1;162;4
2;214;0;0;-3;1;226;0;23;22;54;-1;162;4
2;214;0;-1;-2;1;226;0;23;22;54;-1;162;4
2;214;0;0;-2;1;226;0;23;22;54;-1;162;4
2;214;0;1;-2;1;226;0;23;22;54;-1;162;4
2;214;0;0;-1;1;226;0;23;22;54;-1;162;4
2;214;0;5;-4;1;220;0;5;25;4;-1;162;4
2;214;0;6;-4;1;220;0;5;25;4;-1;162;4
2;214;0;5;-3;1;220;0;5;25;4;-1;162;4
2;214;0;6;-3;1;220;0;5;25;4;-1;162;4
2;214;0;5;-2;1;220;0;5;25;4;-1;162;4
2;214;0;6;-2;1;220;0;5;25;4;-1;162;4
2;214;0;3;-3;1;217;0;6;16;21;-1;162;4
2;214;0;4;-3;1;217;0;6;16;21;-1;162;4
2;214;0;3;-2;1;217;0;6;16;21;-1;162;4
2;214;0;4;-2;1;217;0;6;16;21;-1;162;4
2;214;0;3;-1;1;217;0;6;16;21;-1;162;4
2;214;0;4;-1;1;217;0;6;16;21;-1;162;4
2;214;0;2;-2;1;218;0;9;12;33;-1;162;4
2;214;0;3;-2;1;218;0;9;12;33;-1;162;4
2;214;0;2;-1;1;218;0;9;12;33;-1;162;4
2;214;0;3;-1;1;218;0;9;12;33;-1;162;4
2;214;0;2;0;1;218;0;9;12;33;-1;162;4
2;214;0;3;0;1;218;0;9;12;33;-1;162;4
2;214;0;2;-3;1;227;0;11;41;40;-1;162;4
2;214;0;3;-3;1;227;0;11;41;40;-1;162;4
2;214;0;2;-2;1;227;0;11;41;40;-1;162;4
2;214;0;3;-2;1;227;0;11;41;40;-1;162;4
2;214;0;2;-1;1;227;0;11;41;40;-1;162;4
2;214;0;3;-1;1;227;0;11;41;40;-1;162;4
2;214;0;0;-3;1;226;0;23;22;55;-1;162;4
2;214;0;-1;-2;1;226;0;23;22;55;-1;162;4
2;214;0;0;-2;1;226;0;23;22;55;-1;162;4
2;214;0;1;-2;1;226;0;23;22;55;-1;162;4
2;214;0;0;-1;1;226;0;23;22;55;-1;162;4
2;214;0;6;-7;1;222;0;18;21;30;-1;162;4
2;214;0;7;-7;1;222;0;18;21;30;-1;162;4
2;214;0;6;-6;1;222;0;18;21;30;-1;162;4
2;214;0;7;-6;1;222;0;18;21;30;-1;162;4
2;214;0;6;-5;1;222;0;18;21;30;-1;162;4
2;214;0;7;-5;1;222;0;18;21;30;-1;162;4
2;214;0;3;-3;1;221;0;8;10;23;-1;162;4
2;214;0;4;-3;1;221;0;8;10;23;-1;162;4
2;214;0;3;-2;1;221;0;8;10;23;-1;162;4
2;214;0;4;-2;1;221;0;8;10;23;-1;162;4
2;214;0;3;-1;1;221;0;8;10;23;-1;162;4
2;214;0;4;-1;1;221;0;8;10;23;-1;162;4
2;214;0;5;1;0;108;1;15;3;0;-1;162;4
2;214;0;6;1;0;108;1;15;3;0;-1;162;4
2;214;0;5;2;0;108;1;15;3;0;-1;162;4
2;214;0;6;2;0;108;1;15;3;0;-1;162;4
2;214;0;5;3;0;108;1;15;3;0;-1;162;4
2;214;0;6;3;0;108;1;15;3;0;-1;162;4
2;214;0;5;-4;1;215;0;12;40;0;-1;162;4
2;214;0;6;-4;1;215;0;12;40;0;-1;162;4
2;214;0;5;-3;1;215;0;12;40;0;-1;162;4
2;214;0;6;-3;1;215;0;12;40;0;-1;162;4
2;214;0;5;-2;1;215;0;12;40;0;-1;162;4
2;214;0;6;-2;1;215;0;12;40;0;-1;162;4
2;214;0;4;-3;1;216;0;5;18;13;-1;162;4
2;214;0;5;-3;1;216;0;5;18;13;-1;162;4
2;214;0;4;-2;1;216;0;5;18;13;-1;162;4
2;214;0;5;-2;1;216;0;5;18;13;-1;162;4
2;214;0;4;-1;1;216;0;5;18;13;-1;162;4
2;214;0;5;-1;1;216;0;5;18;13;-1;162;4
2;214;0;0;-3;1;226;0;13;22;52;-1;162;4
2;214;0;-1;-2;1;226;0;13;22;52;-1;162;4
2;214;0;0;-2;1;226;0;13;22;52;-1;162;4
2;214;0;1;-2;1;226;0;13;22;52;-1;162;4
2;214;0;0;-1;1;226;0;13;22;52;-1;162;4
2;214;0;2;-3;1;228;0;9;10;61;-1;162;4
2;214;0;3;-3;1;228;0;9;10;61;-1;162;4
2;214;0;2;-2;1;228;0;9;10;61;-1;162;4
2;214;0;3;-2;1;228;0;9;10;61;-1;162;4
2;214;0;2;-1;1;228;0;9;10;61;-1;162;4
2;214;0;3;-1;1;228;0;9;10;61;-1;162;4
2;215;0;12;40;0;214;0;6;-3;-1;0;151;4
2;215;0;16;24;3;216;0;12;10;-1;-1;151;2
2;216;0;12;10;2;215;0;16;24;-1;-1;152;2
2;216;0;5;18;0;214;0;5;-2;-1;13;152;4
2;216;0;13;4;2;217;0;13;9;-1;-1;152;2
2;217;0;13;9;3;216;0;13;4;-1;-1;153;2
2;217;0;6;16;0;214;0;4;-2;-1;21;153;4
2;217;0;6;4;3;218;0;5;4;-1;-1;153;2
2;218;0;5;4;2;217;0;6;4;-1;-1;154;2
2;218;0;9;12;0;214;0;3;-1;-1;33;154;4
2;219;0;11;14;3;220;0;3;16;-1;-1;155;2
2;219;0;5;16;0;214;0;5;-2;-1;15;155;4
2;219;0;7;4;2;221;0;7;4;-1;-1;155;2
2;220;0;5;25;0;214;0;6;-3;-1;4;156;4
2;220;0;3;16;2;219;0;11;14;-1;-1;156;2
2;221;0;8;10;0;214;0;4;-2;-1;23;157;4
2;221;0;7;4;3;219;0;7;4;-1;-1;157;2
2;222;0;18;21;0;214;0;7;-6;-1;30;158;4
2;222;0;11;3;3;223;0;5;4;-1;-1;158;2
2;223;0;14;21;0;214;0;4;-2;-1;29;159;4
2;223;0;11;13;3;224;0;8;18;-1;-1;159;2
2;223;0;5;4;2;222;0;11;3;-1;-1;159;2
2;224;0;15;20;0;214;0;3;-1;-1;31;194;4
2;224;0;13;6;3;225;0;5;12;-1;-1;194;2
2;224;0;8;18;2;223;0;11;13;-1;-1;194;2
2;225;0;4;18;0;214;0;2;-2;-1;41;195;4
2;225;0;5;12;2;224;0;13;6;-1;-1;195;2
2;225;0;7;4;2;226;0;18;16;-1;-1;195;2
2;226;0;13;22;0;214;0;1;-2;-1;53;196;4
2;226;0;23;22;0;214;0;0;-2;-1;54;196;4
2;226;0;18;16;3;225;0;7;4;-1;-1;196;2
2;226;0;5;11;1;229;0;5;9;-1;-1;196;4
2;226;0;21;5;3;228;0;5;4;-1;-1;196;2
2;227;0;11;41;0;214;0;3;-2;-1;40;197;4
2;227;0;12;12;2;228;0;13;4;-1;-1;197;2
2;228;0;9;10;0;214;0;3;-2;-1;61;198;4
2;228;0;5;4;2;226;0;21;5;-1;-1;198;2
2;228;0;13;4;3;227;0;12;12;-1;-1;198;2
2;229;0;5;9;0;226;0;5;11;-1;-1;199;4
2;230;0;684;152;1;231;0;23;62;-1;-1;0;4
2;231;0;23;62;0;230;0;684;152;-1;-1;184;4
2;231;0;23;50;1;232;0;26;79;-1;-1;184;4
2;231;0;23;48;1;233;0;26;79;-1;-1;184;4
2;232;0;26;79;0;231;0;23;50;-1;-1;250;4
2;232;0;62;21;1;234;0;16;30;-1;-1;250;4
2;233;0;26;79;0;231;0;23;50;-1;-1;251;4
2;233;0;62;21;1;234;0;16;30;-1;-1;251;4
2;234;0;16;31;0;232;0;62;21;-1;-1;252;4
2;234;0;16;30;0;233;0;62;21;-1;-1;252;4
2;235;0;304;755;1;236;0;8;23;-1;-1;0;4
2;236;0;7;23;0;235;0;304;755;-1;-1;239;1
2;236;0;8;23;0;235;0;304;755;-1;-1;239;1
2;236;0;9;23;0;235;0;304;755;-1;-1;239;1
2;236;0;8;1;1;237;0;4;10;-1;-1;239;4
2;237;0;3;10;0;236;0;8;1;-1;-1;240;1
2;237;0;4;10;0;236;0;8;1;-1;-1;240;1
2;237;0;5;10;0;236;0;8;1;-1;-1;240;1
2;238;0;725;711;1;239;0;6;9;-1;-1;0;3
2;239;0;5;9;0;238;0;725;711;-1;-1;191;1
2;239;0;6;9;0;238;0;725;711;-1;-1;191;1
2;239;0;7;9;0;238;0;725;711;-1;-1;191;1
2;241;0;3;-1;1;245;0;87;23;3;-1;236;36
2;241;0;4;-1;1;245;0;87;23;3;-1;236;36
2;241;0;5;-1;1;245;0;87;23;3;-1;236;36
2;241;0;3;0;1;245;0;87;23;3;-1;236;36
2;241;0;4;0;1;245;0;87;23;3;-1;236;36
2;241;0;5;0;1;245;0;87;23;3;-1;236;36
2;241;0;3;1;1;245;0;87;23;3;-1;236;36
2;241;0;4;1;1;245;0;87;23;3;-1;236;36
2;241;0;5;1;1;245;0;87;23;3;-1;236;36
2;242;0;3;-1;1;245;0;6;93;3;-1;244;36
2;242;0;4;-1;1;245;0;6;93;3;-1;244;36
2;242;0;5;-1;1;245;0;6;93;3;-1;244;36
2;242;0;3;0;1;245;0;6;93;3;-1;244;36
2;242;0;4;0;1;245;0;6;93;3;-1;244;36
2;242;0;5;0;1;245;0;6;93;3;-1;244;36
2;242;0;3;1;1;245;0;6;93;3;-1;244;36
2;242;0;4;1;1;245;0;6;93;3;-1;244;36
2;242;0;5;1;1;245;0;6;93;3;-1;244;36
2;243;0;3;-1;1;245;0;141;90;3;-1;245;36
2;243;0;4;-1;1;245;0;141;90;3;-1;245;36
2;243;0;5;-1;1;245;0;141;90;3;-1;245;36
2;243;0;3;0;1;245;0;141;90;3;-1;245;36
2;243;0;4;0;1;245;0;141;90;3;-1;245;36
2;243;0;5;0;1;245;0;141;90;3;-1;245;36
2;243;0;3;1;1;245;0;141;90;3;-1;245;36
2;243;0;4;1;1;245;0;141;90;3;-1;245;36
2;243;0;5;1;1;245;0;141;90;3;-1;245;36
2;244;0;3;-1;1;245;0;69;156;3;-1;246;36
2;244;0;4;-1;1;245;0;69;156;3;-1;246;36
2;244;0;5;-1;1;245;0;69;156;3;-1;246;36
2;244;0;3;0;1;245;0;69;156;3;-1;246;36
2;244;0;4;0;1;245;0;69;156;3;-1;246;36
2;244;0;5;0;1;245;0;69;156;3;-1;246;36
2;244;0;3;1;1;245;0;69;156;3;-1;246;36
2;244;0;4;1;1;245;0;69;156;3;-1;246;36
2;244;0;5;1;1;245;0;69;156;3;-1;246;36
2;245;0;86;23;0;241;0;4;0;-1;3;247;4
2;245;0;87;23;0;241;0;4;0;-1;3;247;4
2;245;0;88;23;0;241;0;4;0;-1;3;247;4
2;245;0;68;156;0;244;0;4;0;-1;3;247;4
2;245;0;69;156;0;244;0;4;0;-1;3;247;4
2;245;0;70;156;0;244;0;4;0;-1;3;247;4
2;245;0;5;93;0;242;0;4;0;-1;3;247;4
2;245;0;6;93;0;242;0;4;0;-1;3;247;4
2;245;0;7;93;0;242;0;4;0;-1;3;247;4
2;245;0;140;90;0;243;0;4;0;-1;3;247;4
2;245;0;141;90;0;243;0;4;0;-1;3;247;4
2;245;0;142;90;0;243;0;4;0;-1;3;247;4
2;249;0;-1;-3;0;251;0;13;0;13;-1;133;4
2;249;0;0;-3;0;251;0;13;0;13;-1;133;4
2;249;0;1;-3;0;251;0;13;0;13;-1;133;4
2;249;0;-1;-2;0;251;0;13;0;13;-1;133;4
2;249;0;0;-2;0;251;0;13;0;13;-1;133;4
2;249;0;1;-2;0;251;0;13;0;13;-1;133;4
2;249;0;-1;-1;0;251;0;13;0;13;-1;133;4
2;249;0;0;-1;0;251;0;13;0;13;-1;133;4
2;249;0;1;-1;0;251;0;13;0;13;-1;133;4
2;249;0;-1;0;0;251;0;13;0;13;-1;133;4
2;249;0;0;0;0;251;0;13;0;13;-1;133;4
2;249;0;1;0;0;251;0;13;0;13;-1;133;4
2;249;0;-1;1;0;251;0;13;0;13;-1;133;4
2;249;0;0;1;0;251;0;13;0;13;-1;133;4
2;249;0;1;1;0;251;0;13;0;13;-1;133;4
2;249;0;-1;2;0;251;0;13;0;13;-1;133;4
2;249;0;0;2;0;251;0;13;0;13;-1;133;4
2;249;0;1;2;0;251;0;13;0;13;-1;133;4
2;249;0;-1;3;0;251;0;13;0;13;-1;133;4
2;249;0;0;3;0;251;0;13;0;13;-1;133;4
2;249;0;1;3;0;251;0;13;0;13;-1;133;4
2;249;0;3;-2;1;252;0;9;11;12;-1;133;4
2;249;0;4;-2;1;252;0;9;11;12;-1;133;4
2;249;0;5;-2;1;252;0;9;11;12;-1;133;4
2;249;0;3;-1;1;252;0;9;11;12;-1;133;4
2;249;0;4;-1;1;252;0;9;11;12;-1;133;4
2;249;0;5;-1;1;252;0;9;11;12;-1;133;4
2;249;0;3;0;1;252;0;9;11;12;-1;133;4
2;249;0;4;0;1;252;0;9;11;12;-1;133;4
2;249;0;5;0;1;252;0;9;11;12;-1;133;4
2;249;0;3;1;1;252;0;9;11;12;-1;133;4
2;249;0;4;1;1;252;0;9;11;12;-1;133;4
2;249;0;5;1;1;252;0;9;11;12;-1;133;4
2;249;0;3;2;1;252;0;9;11;12;-1;133;4
2;249;0;4;2;1;252;0;9;11;12;-1;133;4
2;249;0;5;2;1;252;0;9;11;12;-1;133;4
2;250;0;15;30;0;155;0;74;23;-1;-1;41;4
2;250;0;16;30;0;155;0;74;23;-1;-1;41;4
2;250;0;17;30;0;155;0;74;23;-1;-1;41;4
2;250;0;20;25;3;251;0;1;5;-1;-1;41;4
2;250;0;20;26;3;251;0;1;5;-1;-1;41;4
2;251;0;1;4;2;250;0;20;26;-1;-1;137;1
2;251;0;1;5;2;250;0;20;26;-1;-1;137;1
2;251;0;1;6;2;250;0;20;26;-1;-1;137;1
2;251;0;12;0;1;249;0;0;0;-1;13;137;1
2;251;0;13;0;1;249;0;0;0;-1;13;137;1
2;251;0;14;0;1;249;0;0;0;-1;13;137;1
2;252;0;8;11;0;249;0;4;0;-1;12;138;1
2;252;0;9;11;0;249;0;4;0;-1;12;138;1
2;252;0;10;11;0;249;0;4;0;-1;12;138;1
2;252;0;1;3;2;28;0;2;1;-1;1;138;1
2;252;0;1;4;2;28;0;2;1;-1;1;138;1
2;252;0;1;5;2;28;0;2;1;-1;1;138;1
2;253;0;43;44;2;96;0;246;432;-1;-1;106;4
2;253;0;43;45;2;96;0;246;432;-1;-1;106;4
2;253;0;43;46;2;96;0;246;432;-1;-1;106;4
2;253;0;43;47;2;96;0;246;432;-1;-1;106;4
2;253;0;43;48;2;96;0;246;432;-1;-1;106;4
2;253;0;43;49;2;96;0;246;432;-1;-1;106;4
2;253;0;43;50;2;96;0;246;432;-1;-1;106;4
2;253;0;212;44;3;73;1;329;432;-1;-1;106;4
2;253;0;212;45;3;73;1;329;432;-1;-1;106;4
2;253;0;212;46;3;73;1;329;432;-1;-1;106;4
2;253;0;212;47;3;73;1;329;432;-1;-1;106;4
2;253;0;212;48;3;73;1;329;432;-1;-1;106;4
2;253;0;212;49;3;73;1;329;432;-1;-1;106;4
2;253;0;212;50;3;73;1;329;432;-1;-1;106;4
2;254;0;7;159;0;91;1;15;8;-1;-1;136;4
2;254;0;8;159;0;91;1;15;8;-1;-1;136;4
2;254;0;9;159;0;91;1;15;8;-1;-1;136;4
2;254;0;10;159;0;91;1;15;8;-1;-1;136;4
2;254;0;11;159;0;91;1;15;8;-1;-1;136;4
2;254;0;12;159;0;91;1;15;8;-1;-1;136;4
2;254;0;13;159;0;91;1;15;8;-1;-1;136;4
2;254;0;14;159;0;91;1;15;8;-1;-1;136;4
2;254;0;15;159;0;91;1;15;8;-1;-1;136;4
2;254;0;16;159;0;91;1;15;8;-1;-1;136;4
2;254;0;17;159;0;91;1;15;8;-1;-1;136;4
2;254;0;18;159;0;91;1;15;8;-1;-1;136;4
2;254;0;19;159;0;91;1;15;8;-1;-1;136;4
2;254;0;20;159;0;91;1;15;8;-1;-1;136;4
2;254;0;21;159;0;91;1;15;8;-1;-1;136;4
2;254;0;22;159;0;91;1;15;8;-1;-1;136;4
2;254;0;23;159;0;91;1;15;8;-1;-1;136;4
2;254;0;24;159;0;91;1;15;8;-1;-1;136;4
2;254;0;7;32;1;93;1;0;8;-1;-1;136;4
2;254;0;8;32;1;93;1;0;8;-1;-1;136;4
2;254;0;9;32;1;93;1;0;8;-1;-1;136;4
2;254;0;10;32;1;93;1;0;8;-1;-1;136;4
2;254;0;11;32;1;93;1;0;8;-1;-1;136;4
2;254;0;12;32;1;93;1;0;8;-1;-1;136;4
2;254;0;13;32;1;93;1;0;8;-1;-1;136;4
2;254;0;14;32;1;93;1;0;8;-1;-1;136;4
2;254;0;15;32;1;93;1;0;8;-1;-1;136;4
2;254;0;16;32;1;93;1;0;8;-1;-1;136;4
2;254;0;17;32;1;93;1;0;8;-1;-1;136;4
2;254;0;18;32;1;93;1;0;8;-1;-1;136;4
2;254;0;19;32;1;93;1;0;8;-1;-1;136;4
2;254;0;20;32;1;93;1;0;8;-1;-1;136;4
2;254;0;21;32;1;93;1;0;8;-1;-1;136;4
2;254;0;22;32;1;93;1;0;8;-1;-1;136;4
2;254;0;23;32;1;93;1;0;8;-1;-1;136;4
2;254;0;24;32;1;93;1;0;8;-1;-1;136;4
2;255;0;2;31;2;110;1;15;5;-1;-1;182;4
2;255;0;2;32;2;110;1;15;5;-1;-1;182;4
2;255;0;2;33;2;110;1;15;5;-1;-1;182;4
2;255;0;93;31;3;113;1;1;5;-1;-1;182;4
2;255;0;93;32;3;113;1;1;5;-1;-1;182;4
2;255;0;93;33;3;113;1;1;5;-1;-1;182;4
2;255;0;3;-7;1;0;1;6;9;3;-1;182;3
2;255;0;2;-6;1;0;1;6;9;3;-1;182;3
2;255;0;3;-6;1;0;1;6;9;3;-1;182;3
2;255;0;4;-6;1;0;1;6;9;3;-1;182;3
2;255;0;3;-5;1;0;1;6;9;3;-1;182;3
2;255;0;13;-7;1;2;1;6;9;8;-1;182;3
2;255;0;12;-6;1;2;1;6;9;8;-1;182;3
2;255;0;13;-6;1;2;1;6;9;8;-1;182;3
2;255;0;14;-6;1;2;1;6;9;8;-1;182;3
2;255;0;13;-5;1;2;1;6;9;8;-1;182;3
2;255;0;3;-7;1;3;1;6;9;14;-1;182;3
2;255;0;2;-6;1;3;1;6;9;14;-1;182;3
2;255;0;3;-6;1;3;1;6;9;14;-1;182;3
2;255;0;4;-6;1;3;1;6;9;14;-1;182;3
2;255;0;3;-5;1;3;1;6;9;14;-1;182;3
2;255;0;2;-7;1;5;1;6;9;12;-1;182;3
2;255;0;1;-6;1;5;1;6;9;12;-1;182;3
2;255;0;2;-6;1;5;1;6;9;12;-1;182;3
2;255;0;3;-6;1;5;1;6;9;12;-1;182;3
2;255;0;2;-5;1;5;1;6;9;12;-1;182;3
2;255;0;2;-7;1;4;1;6;9;10;-1;182;3
2;255;0;1;-6;1;4;1;6;9;10;-1;182;3
2;255;0;2;-6;1;4;1;6;9;10;-1;182;3
2;255;0;3;-6;1;4;1;6;9;10;-1;182;3
2;255;0;2;-5;1;4;1;6;9;10;-1;182;3
2;255;0;3;-7;1;1;1;6;9;5;-1;182;3
2;255;0;2;-6;1;1;1;6;9;5;-1;182;3
2;255;0;3;-6;1;1;1;6;9;5;-1;182;3
2;255;0;4;-6;1;1;1;6;9;5;-1;182;3
2;255;0;3;-5;1;1;1;6;9;5;-1;182;3
2;255;0;77;46;1;6;1;5;5;-1;-1;182;4
2;0;1;5;9;0;255;0;3;-6;-1;3;44;1
2;0;1;6;9;0;255;0;3;-6;-1;3;44;1
2;0;1;7;9;0;255;0;3;-6;-1;3;44;1
2;1;1;5;9;0;255;0;3;-6;-1;5;44;1
2;1;1;6;9;0;255;0;3;-6;-1;5;44;1
2;1;1;7;9;0;255;0;3;-6;-1;5;44;1
2;2;1;5;9;0;255;0;13;-6;-1;8;44;1
2;2;1;6;9;0;255;0;13;-6;-1;8;44;1
2;2;1;7;9;0;255;0;13;-6;-1;8;44;1
2;3;1;5;9;0;255;0;3;-6;-1;14;44;1
2;3;1;6;9;0;255;0;3;-6;-1;14;44;1
2;3;1;7;9;0;255;0;3;-6;-1;14;44;1
2;4;1;5;9;0;255;0;2;-6;-1;10;44;1
2;4;1;6;9;0;255;0;2;-6;-1;10;44;1
2;4;1;7;9;0;255;0;2;-6;-1;10;44;1
2;5;1;5;9;0;255;0;2;-6;-1;12;44;1
2;5;1;6;9;0;255;0;2;-6;-1;12;44;1
2;5;1;7;9;0;255;0;2;-6;-1;12;44;1
2;6;1;4;5;0;255;0;77;46;-1;-1;65;1
2;6;1;5;5;0;255;0;77;46;-1;-1;65;1
2;6;1;6;5;0;255;0;77;46;-1;-1;65;1
2;7;1;14;31;1;128;1;20;3;-1;-1;135;3
2;7;1;161;31;1;124;1;4;1;-1;-1;135;3
2;8;1;43;4;3;9;1;6;16;-1;-1;127;2
2;8;1;43;5;3;9;1;6;16;-1;-1;127;2
2;8;1;43;6;3;9;1;6;16;-1;-1;127;2
2;8;1;43;7;3;9;1;6;16;-1;-1;127;2
2;8;1;25;20;0;139;0;30;11;-1;-1;127;4
2;9;1;6;14;2;8;1;43;6;-1;-1;171;2
2;9;1;6;15;2;8;1;43;6;-1;-1;171;2
2;9;1;6;16;2;8;1;43;6;-1;-1;171;2
2;9;1;6;17;2;8;1;43;6;-1;-1;171;2
2;9;1;42;8;2;13;1;42;16;-1;-1;171;2
2;9;1;42;9;2;13;1;42;16;-1;-1;171;2
2;9;1;42;10;2;13;1;42;16;-1;-1;171;2
2;9;1;42;11;2;13;1;42;16;-1;-1;171;2
2;9;1;10;8;1;10;1;9;20;-1;-1;171;3
2;9;1;22;8;1;11;1;9;20;-1;-1;171;3
2;9;1;34;8;1;12;1;9;20;-1;-1;171;3
2;10;1;8;20;0;9;1;10;8;-1;-1;164;1
2;10;1;9;20;0;9;1;10;8;-1;-1;164;1
2;10;1;10;20;0;9;1;10;8;-1;-1;164;1
2;11;1;8;20;0;9;1;22;8;-1;-1;164;1
2;11;1;9;20;0;9;1;22;8;-1;-1;164;1
2;11;1;10;20;0;9;1;22;8;-1;-1;164;1
2;12;1;8;20;0;9;1;34;8;-1;-1;164;1
2;12;1;9;20;0;9;1;34;8;-1;-1;164;1
2;12;1;10;20;0;9;1;34;8;-1;-1;164;1
2;13;1;42;14;3;9;1;42;10;-1;-1;173;2
2;13;1;42;15;3;9;1;42;10;-1;-1;173;2
2;13;1;42;16;3;9;1;42;10;-1;-1;173;2
2;13;1;42;17;3;9;1;42;10;-1;-1;173;2
2;13;1;38;8;1;14;1;9;20;-1;-1;173;3
2;13;1;26;8;1;15;1;9;20;-1;-1;173;3
2;13;1;14;8;1;16;1;9;20;-1;-1;173;3
2;13;1;6;8;3;17;1;6;16;-1;-1;173;2
2;13;1;6;9;3;17;1;6;16;-1;-1;173;2
2;13;1;6;10;3;17;1;6;16;-1;-1;173;2
2;13;1;6;11;3;17;1;6;16;-1;-1;173;2
2;14;1;8;20;0;13;1;38;8;-1;-1;170;1
2;14;1;9;20;0;13;1;38;8;-1;-1;170;1
2;14;1;10;20;0;13;1;38;8;-1;-1;170;1
2;15;1;8;20;0;13;1;26;8;-1;-1;164;1
2;15;1;9;20;0;13;1;26;8;-1;-1;164;1
2;15;1;10;20;0;13;1;26;8;-1;-1;164;1
2;16;1;8;20;0;13;1;14;8;-1;-1;164;1
2;16;1;9;20;0;13;1;14;8;-1;-1;164;1
2;16;1;10;20;0;13;1;14;8;-1;-1;164;1
2;17;1;6;14;2;13;1;6;10;-1;-1;171;2
2;17;1;6;15;2;13;1;6;10;-1;-1;171;2
2;17;1;6;16;2;13;1;6;10;-1;-1;171;2
2;17;1;6;17;2;13;1;6;10;-1;-1;171;2
2;17;1;10;8;1;18;1;9;20;-1;-1;171;3
2;17;1;22;8;1;19;1;9;20;-1;-1;171;3
2;17;1;34;8;1;20;1;9;20;-1;-1;171;3
2;17;1;42;8;2;21;1;42;15;-1;-1;171;2
2;17;1;42;9;2;21;1;42;15;-1;-1;171;2
2;17;1;42;10;2;21;1;42;15;-1;-1;171;2
2;17;1;42;11;2;21;1;42;15;-1;-1;171;2
2;18;1;8;20;0;17;1;10;8;-1;-1;163;1
2;18;1;9;20;0;17;1;10;8;-1;-1;163;1
2;18;1;10;20;0;17;1;10;8;-1;-1;163;1
2;19;1;8;20;0;17;1;22;8;-1;-1;164;1
2;19;1;9;20;0;17;1;22;8;-1;-1;164;1
2;19;1;10;20;0;17;1;22;8;-1;-1;164;1
2;20;1;8;20;0;17;1;34;8;-1;-1;164;1
2;20;1;9;20;0;17;1;34;8;-1;-1;164;1
2;20;1;10;20;0;17;1;34;8;-1;-1;164;1
2;21;1;42;14;3;17;1;42;10;-1;-1;174;2
2;21;1;42;15;3;17;1;42;10;-1;-1;174;2
2;21;1;42;16;3;17;1;42;10;-1;-1;174;2
2;21;1;23;8;1;22;1;16;60;-1;-1;174;4
2;21;1;24;8;1;22;1;16;60;-1;-1;174;4
2;21;1;25;8;1;22;1;16;60;-1;-1;174;4
2;22;1;15;60;0;21;1;24;8;-1;-1;172;1
2;22;1;16;60;0;21;1;24;8;-1;-1;172;1
2;22;1;17;60;0;21;1;24;8;-1;-1;172;1
2;38;1;11;51;-1;122;1;630;427;-1;-1;226;6
2;38;1;51;12;-1;118;1;692;373;-1;-1;226;6
2;39;1;10;51;2;122;1;630;427;-1;-1;225;6
2;39;1;51;12;1;118;1;692;373;-1;-1;225;6
2;45;1;211;47;3;73;1;331;432;-1;-1;106;6
2;45;1;44;47;2;96;0;243;432;-1;-1;106;6
2;46;1;15;158;0;89;1;242;180;-1;-1;136;6
2;46;1;15;33;-1;92;1;336;175;-1;-1;136;6
2;47;1;14;33;-1;127;1;501;431;-1;-1;135;6
2;47;1;161;33;-1;122;1;585;436;-1;-1;135;6
2;61;1;742;747;2;62;1;15;5;-1;-1;0;4
2;61;1;742;748;2;62;1;15;5;-1;-1;0;4
2;61;1;742;749;2;62;1;15;5;-1;-1;0;4
2;62;1;15;4;3;61;1;742;748;-1;-1;50;1
2;62;1;15;5;3;61;1;742;748;-1;-1;50;1
2;62;1;15;6;3;61;1;742;748;-1;-1;50;1
2;62;1;1;4;2;167;1;735;748;-1;-1;50;1
2;62;1;1;5;2;167;1;735;748;-1;-1;50;1
2;62;1;1;6;2;167;1;735;748;-1;-1;50;1
2;63;1;761;647;3;64;1;1;5;-1;-1;0;4
2;63;1;761;648;3;64;1;1;5;-1;-1;0;4
2;63;1;761;649;3;64;1;1;5;-1;-1;0;4
2;64;1;15;4;3;141;1;768;648;-1;-1;50;1
2;64;1;15;5;3;141;1;768;648;-1;-1;50;1
2;64;1;15;6;3;141;1;768;648;-1;-1;50;1
2;64;1;1;4;2;63;1;761;648;-1;-1;50;1
2;64;1;1;5;2;63;1;761;648;-1;-1;50;1
2;64;1;1;6;2;63;1;761;648;-1;-1;50;1
2;65;1;678;598;2;27;0;15;5;-1;-1;0;4
2;65;1;678;599;2;27;0;15;5;-1;-1;0;4
2;65;1;678;600;2;27;0;15;5;-1;-1;0;4
2;65;1;740;555;1;66;1;5;11;-1;-1;0;3
2;65;1;749;555;1;67;1;6;13;-1;-1;0;3
2;65;1;679;554;2;68;1;30;5;-1;-1;0;4
2;65;1;679;555;2;68;1;30;5;-1;-1;0;4
2;66;1;4;11;0;65;1;740;555;-1;-1;53;1
2;66;1;6;11;0;65;1;740;555;-1;-1;53;1
2;66;1;5;11;0;65;1;740;555;-1;-1;53;1
2;67;1;5;13;0;65;1;749;555;-1;-1;28;1
2;67;1;7;13;0;65;1;749;555;-1;-1;28;1
2;67;1;6;13;0;65;1;749;555;-1;-1;28;1
2;68;1;30;5;3;65;1;679;555;-1;-1;108;4
2;68;1;27;23;3;69;1;2;58;-1;-1;108;2
2;69;1;2;58;2;68;1;27;23;-1;-1;109;2
2;70;1;429;489;1;90;0;5;14;-1;-1;0;4
2;70;1;430;489;1;90;0;5;14;-1;-1;0;4
2;70;1;431;489;1;90;0;5;14;-1;-1;0;4
2;70;1;429;599;0;51;0;5;1;-1;-1;0;4
2;70;1;430;599;0;51;0;5;1;-1;-1;0;4
2;70;1;431;599;0;51;0;5;1;-1;-1;0;4
2;70;1;422;577;1;71;1;4;10;-1;-1;0;3
2;70;1;394;536;1;72;1;4;10;-1;-1;0;3
2;71;1;3;10;0;70;1;422;577;-1;-1;91;1
2;71;1;4;10;0;70;1;422;577;-1;-1;91;1
2;71;1;5;10;0;70;1;422;577;-1;-1;91;1
2;72;1;3;10;0;70;1;394;536;-1;-1;91;1
2;72;1;4;10;0;70;1;394;536;-1;-1;91;1
2;72;1;5;10;0;70;1;394;536;-1;-1;91;1
2;73;1;377;437;3;91;0;1;5;-1;-1;0;4
2;73;1;377;438;3;91;0;1;5;-1;-1;0;4
2;73;1;377;439;3;91;0;1;5;-1;-1;0;4
2;73;1;329;431;2;253;0;212;47;-1;-1;0;4
2;73;1;329;432;2;253;0;212;47;-1;-1;0;4
2;73;1;329;433;2;253;0;212;47;-1;-1;0;4
2;73;1;365;434;1;74;1;5;5;-1;-1;0;4
2;74;1;4;5;0;73;1;365;434;-1;-1;65;1
2;74;1;5;5;0;73;1;365;434;-1;-1;65;1
2;74;1;6;5;0;73;1;365;434;-1;-1;65;1
2;75;1;135;369;1;76;1;6;9;-1;-1;0;3
2;75;1;156;361;3;77;1;1;6;-1;-1;0;4
2;75;1;156;362;3;77;1;1;6;-1;-1;0;4
2;75;1;116;361;1;80;1;6;9;-1;-1;0;3
2;76;1;5;9;0;75;1;135;369;-1;-1;92;1
2;76;1;6;9;0;75;1;135;369;-1;-1;92;1
2;76;1;7;9;0;75;1;135;369;-1;-1;92;1
2;77;1;1;6;2;75;1;156;362;-1;-1;110;4
2;77;1;13;16;3;78;1;4;20;-1;-1;110;2
2;78;1;4;20;2;77;1;13;16;-1;-1;111;2
2;78;1;17;12;1;79;1;16;27;-1;-1;111;2
2;78;1;18;12;1;79;1;16;27;-1;-1;111;2
2;78;1;19;12;1;79;1;16;27;-1;-1;111;2
2;79;1;16;27;0;78;1;18;12;-1;-1;112;2
2;80;1;5;9;0;75;1;116;361;-1;-1;44;1
2;80;1;6;9;0;75;1;116;361;-1;-1;44;1
2;80;1;7;9;0;75;1;116;361;-1;-1;44;1
2;81;1;107;232;1;82;1;16;28;-1;-1;0;16
2;81;1;102;260;1;87;1;6;9;-1;-1;0;3
2;81;1;130;242;1;88;1;6;9;-1;-1;0;3
2;82;1;15;28;0;81;1;107;232;-1;-1;185;1
2;82;1;16;28;0;81;1;107;232;-1;-1;185;1
2;82;1;17;28;0;81;1;107;232;-1;-1;185;1
2;82;1;22;-1;2;83;1;17;23;0;-1;185;4
2;82;1;23;-1;2;83;1;17;23;0;-1;185;4
2;82;1;24;-1;2;83;1;17;23;0;-1;185;4
2;82;1;22;0;2;83;1;17;23;0;-1;185;4
2;82;1;23;0;2;83;1;17;23;0;-1;185;4
2;82;1;24;0;2;83;1;17;23;0;-1;185;4
2;82;1;22;1;2;83;1;17;23;0;-1;185;4
2;82;1;23;1;2;83;1;17;23;0;-1;185;4
2;82;1;24;1;2;83;1;17;23;0;-1;185;4
2;83;1;17;22;3;82;1;23;0;-1;0;186;2
2;83;1;17;23;3;82;1;23;0;-1;0;186;2
2;83;1;17;24;3;82;1;23;0;-1;0;186;2
2;83;1;7;-1;3;84;1;15;9;0;-1;186;4
2;83;1;8;-1;3;84;1;15;9;0;-1;186;4
2;83;1;9;-1;3;84;1;15;9;0;-1;186;4
2;83;1;7;0;3;84;1;15;9;0;-1;186;4
2;83;1;8;0;3;84;1;15;9;0;-1;186;4
2;83;1;9;0;3;84;1;15;9;0;-1;186;4
2;83;1;7;1;3;84;1;15;9;0;-1;186;4
2;83;1;8;1;3;84;1;15;9;0;-1;186;4
2;83;1;9;1;3;84;1;15;9;0;-1;186;4
2;84;1;15;8;2;83;1;8;0;-1;0;187;2
2;84;1;15;9;2;83;1;8;0;-1;0;187;2
2;84;1;15;10;2;83;1;8;0;-1;0;187;2
2;84;1;7;-1;2;85;1;16;21;0;-1;187;4
2;84;1;8;-1;2;85;1;16;21;0;-1;187;4
2;84;1;9;-1;2;85;1;16;21;0;-1;187;4
2;84;1;7;0;2;85;1;16;21;0;-1;187;4
2;84;1;8;0;2;85;1;16;21;0;-1;187;4
2;84;1;9;0;2;85;1;16;21;0;-1;187;4
2;84;1;7;1;2;85;1;16;21;0;-1;187;4
2;84;1;8;1;2;85;1;16;21;0;-1;187;4
2;84;1;9;1;2;85;1;16;21;0;-1;187;4
2;85;1;16;20;3;84;1;8;0;-1;0;188;2
2;85;1;16;21;3;84;1;8;0;-1;0;188;2
2;85;1;16;22;3;84;1;8;0;-1;0;188;2
2;85;1;6;-1;3;86;1;21;15;2;-1;188;4
2;85;1;7;-1;3;86;1;21;15;2;-1;188;4
2;85;1;8;-1;3;86;1;21;15;2;-1;188;4
2;85;1;6;0;3;86;1;21;15;2;-1;188;4
2;85;1;7;0;3;86;1;21;15;2;-1;188;4
2;85;1;8;0;3;86;1;21;15;2;-1;188;4
2;85;1;6;1;3;86;1;21;15;2;-1;188;4
2;85;1;7;1;3;86;1;21;15;2;-1;188;4
2;85;1;8;1;3;86;1;21;15;2;-1;188;4
2;86;1;21;14;2;85;1;7;0;-1;2;189;2
2;86;1;21;15;2;85;1;7;0;-1;2;189;2
2;86;1;21;16;2;85;1;7;0;-1;2;189;2
2;87;1;5;9;0;81;1;102;260;-1;-1;44;1
2;87;1;6;9;0;81;1;102;260;-1;-1;44;1
2;87;1;7;9;0;81;1;102;260;-1;-1;44;1
2;88;1;5;9;0;81;1;130;242;-1;-1;44;1
2;88;1;6;9;0;81;1;130;242;-1;-1;44;1
2;88;1;7;9;0;81;1;130;242;-1;-1;44;1
2;89;1;244;180;3;91;1;1;8;-1;-1;0;4
2;89;1;233;165;1;90;1;30;49;-1;-1;0;4
2;89;1;234;165;1;90;1;30;49;-1;-1;0;4
2;90;1;29;49;0;89;1;234;165;-1;-1;183;4
2;90;1;30;49;0;89;1;234;165;-1;-1;183;4
2;91;1;1;7;2;89;1;244;180;-1;-1;129;1
2;91;1;1;8;2;89;1;244;180;-1;-1;129;1
2;91;1;1;9;2;89;1;244;180;-1;-1;129;1
2;91;1;15;8;3;254;0;16;159;-1;-1;129;33
2;91;1;15;7;3;254;0;16;159;-1;-1;129;33
2;91;1;15;9;3;254;0;16;159;-1;-1;129;33
2;92;1;335;175;2;93;1;14;8;-1;-1;0;4
2;92;1;377;174;3;131;0;1;5;-1;-1;0;4
2;92;1;377;175;3;131;0;1;5;-1;-1;0;4
2;92;1;377;176;3;131;0;1;5;-1;-1;0;4
2;92;1;357;167;1;94;1;15;28;-1;-1;0;27
2;92;1;358;167;1;94;1;15;28;-1;-1;0;27
2;92;1;346;185;1;96;1;12;25;-1;-1;0;4
2;93;1;0;8;2;254;0;16;32;-1;-1;129;34
2;93;1;14;7;3;92;1;335;175;-1;-1;129;1
2;93;1;14;8;3;92;1;335;175;-1;-1;129;1
2;93;1;14;9;3;92;1;335;175;-1;-1;129;1
2;93;1;0;7;2;254;0;16;32;-1;-1;129;34
2;93;1;0;9;2;254;0;16;32;-1;-1;129;34
2;94;1;14;28;0;92;1;358;167;-1;-1;90;1
2;94;1;15;28;0;92;1;358;167;-1;-1;90;1
2;94;1;16;28;0;92;1;358;167;-1;-1;90;1
2;94;1;23;13;1;95;1;6;9;-1;-1;90;3
2;95;1;5;9;0;94;1;23;13;-1;-1;141;1
2;95;1;6;9;0;94;1;23;13;-1;-1;141;1
2;95;1;7;9;0;94;1;23;13;-1;-1;141;1
2;96;1;12;25;0;92;1;346;185;-1;-1;113;4
2;96;1;16;18;3;97;1;5;28;-1;-1;113;2
2;97;1;5;28;2;96;1;16;18;-1;-1;114;2
2;97;1;8;18;2;98;1;13;26;-1;-1;114;2
2;98;1;13;26;3;97;1;8;18;-1;-1;115;2
2;99;1;430;127;0;132;0;5;1;-1;-1;0;4
2;99;1;431;127;0;132;0;5;1;-1;-1;0;4
2;99;1;432;127;0;132;0;5;1;-1;-1;0;4
2;99;1;498;107;1;100;1;15;25;-1;-1;0;22
2;100;1;14;25;0;99;1;498;107;-1;-1;142;4
2;100;1;15;25;0;99;1;498;107;-1;-1;142;4
2;100;1;16;25;0;99;1;498;107;-1;-1;142;4
2;100;1;13;7;1;101;1;15;21;-1;-1;142;4
2;100;1;14;7;1;101;1;15;21;-1;-1;142;4
2;100;1;15;7;1;101;1;15;21;-1;-1;142;4
2;100;1;16;7;1;101;1;15;21;-1;-1;142;4
2;100;1;17;7;1;101;1;15;21;-1;-1;142;4
2;101;1;13;21;0;100;1;15;7;-1;-1;143;4
2;101;1;14;21;0;100;1;15;7;-1;-1;143;4
2;101;1;15;21;0;100;1;15;7;-1;-1;143;4
2;101;1;16;21;0;100;1;15;7;-1;-1;143;4
2;101;1;17;21;0;100;1;15;7;-1;-1;143;4
2;101;1;13;7;1;102;1;15;21;-1;-1;143;4
2;101;1;14;7;1;102;1;15;21;-1;-1;143;4
2;101;1;15;7;1;102;1;15;21;-1;-1;143;4
2;101;1;16;7;1;102;1;15;21;-1;-1;143;4
2;101;1;17;7;1;102;1;15;21;-1;-1;143;4
2;102;1;13;21;0;101;1;15;7;-1;-1;144;4
2;102;1;14;21;0;101;1;15;7;-1;-1;144;4
2;102;1;15;21;0;101;1;15;7;-1;-1;144;4
2;102;1;16;21;0;101;1;15;7;-1;-1;144;4
2;102;1;17;21;0;101;1;15;7;-1;-1;144;4
2;102;1;13;7;1;103;1;15;21;-1;-1;144;4
2;102;1;14;7;1;103;1;15;21;-1;-1;144;4
2;102;1;15;7;1;103;1;15;21;-1;-1;144;4
2;102;1;16;7;1;103;1;15;21;-1;-1;144;4
2;102;1;17;7;1;103;1;15;21;-1;-1;144;4
2;103;1;15;21;0;102;1;15;7;-1;-1;145;4
2;103;1;13;7;1;104;1;15;21;-1;-1;145;4
2;103;1;14;7;1;104;1;15;21;-1;-1;145;4
2;103;1;15;7;1;104;1;15;21;-1;-1;145;4
2;103;1;16;7;1;104;1;15;21;-1;-1;145;4
2;103;1;17;7;1;104;1;15;21;-1;-1;145;4
2;104;1;13;21;0;103;1;15;7;-1;-1;146;4
2;104;1;14;21;0;103;1;15;7;-1;-1;146;4
2;104;1;15;21;0;103;1;15;7;-1;-1;146;4
2;104;1;16;21;0;103;1;15;7;-1;-1;146;4
2;104;1;17;21;0;103;1;15;7;-1;-1;146;4
2;104;1;13;7;1;105;1;14;21;-1;-1;146;4
2;104;1;14;7;1;105;1;14;21;-1;-1;146;4
2;104;1;15;7;1;105;1;14;21;-1;-1;146;4
2;104;1;16;7;1;105;1;16;21;-1;-1;146;4
2;104;1;17;7;1;105;1;16;21;-1;-1;146;4
2;105;1;13;21;0;104;1;14;7;-1;-1;147;4
2;105;1;14;21;0;104;1;14;7;-1;-1;147;4
2;105;1;15;21;0;104;1;14;7;-1;-1;147;4
2;105;1;13;7;1;106;1;15;21;-1;-1;147;4
2;105;1;14;7;1;106;1;15;21;-1;-1;147;4
2;105;1;15;7;1;106;1;15;21;-1;-1;147;4
2;105;1;16;7;1;106;1;15;21;-1;-1;147;4
2;105;1;17;7;1;106;1;15;21;-1;-1;147;4
2;105;1;16;21;0;104;1;16;7;-1;-1;147;4
2;106;1;14;21;0;105;1;15;7;-1;-1;148;4
2;106;1;15;21;0;105;1;15;7;-1;-1;148;4
2;106;1;16;21;0;105;1;15;7;-1;-1;148;4
2;106;1;13;7;1;107;1;15;21;-1;-1;148;4
2;106;1;14;7;1;107;1;15;21;-1;-1;148;4
2;106;1;15;7;1;107;1;15;21;-1;-1;148;4
2;106;1;16;7;1;107;1;15;21;-1;-1;148;4
2;106;1;17;7;1;107;1;15;21;-1;-1;148;4
2;107;1;13;21;0;106;1;15;7;-1;-1;149;4
2;107;1;14;21;0;106;1;15;7;-1;-1;149;4
2;107;1;15;21;0;106;1;15;7;-1;-1;149;4
2;107;1;16;21;0;106;1;15;7;-1;-1;149;4
2;107;1;17;21;0;106;1;15;7;-1;-1;149;4
2;107;1;13;7;1;108;1;15;21;-1;-1;149;4
2;107;1;14;7;1;108;1;15;21;-1;-1;149;4
2;107;1;15;7;1;108;1;15;21;-1;-1;149;4
2;107;1;16;7;1;108;1;15;21;-1;-1;149;4
2;107;1;17;7;1;108;1;15;21;-1;-1;149;4
2;108;1;13;21;0;107;1;15;7;-1;-1;150;4
2;108;1;14;21;0;107;1;15;7;-1;-1;150;4
2;108;1;15;21;0;107;1;15;7;-1;-1;150;4
2;108;1;16;21;0;107;1;15;7;-1;-1;150;4
2;108;1;17;21;0;107;1;15;7;-1;-1;150;4
2;108;1;15;3;1;214;0;6;2;-1;0;150;4
2;109;1;503;174;3;110;1;1;5;-1;-1;0;4
2;109;1;503;175;3;110;1;1;5;-1;-1;0;4
2;109;1;503;176;3;110;1;1;5;-1;-1;0;4
2;109;1;454;174;2;133;0;15;5;-1;-1;0;4
2;109;1;454;175;2;133;0;15;5;-1;-1;0;4
2;109;1;454;176;2;133;0;15;5;-1;-1;0;4
2;109;1;487;172;1;111;1;5;5;-1;-1;0;4
2;110;1;1;4;2;109;1;503;175;-1;-1;50;1
2;110;1;1;5;2;109;1;503;175;-1;-1;50;1
2;110;1;1;6;2;109;1;503;175;-1;-1;50;1
2;110;1;15;4;3;255;0;2;32;-1;-1;50;1
2;110;1;15;5;3;255;0;2;32;-1;-1;50;1
2;110;1;15;6;3;255;0;2;32;-1;-1;50;1
2;111;1;4;5;0;109;1;487;172;-1;-1;65;1
2;111;1;5;5;0;109;1;487;172;-1;-1;65;1
2;111;1;6;5;0;109;1;487;172;-1;-1;65;1
2;112;1;583;174;2;113;1;15;5;-1;-1;0;4
2;112;1;583;175;2;113;1;15;5;-1;-1;0;4
2;112;1;583;176;2;113;1;15;5;-1;-1;0;4
2;113;1;1;4;2;255;0;93;32;-1;-1;50;1
2;113;1;1;5;2;255;0;93;32;-1;-1;50;1
2;113;1;1;6;2;255;0;93;32;-1;-1;50;1
2;113;1;15;4;3;112;1;583;175;-1;-1;50;1
2;113;1;15;5;3;112;1;583;175;-1;-1;50;1
2;113;1;15;6;3;112;1;583;175;-1;-1;50;1
2;114;1;644;207;1;115;1;6;9;-1;-1;0;3
2;114;1;752;287;0;116;1;5;1;-1;-1;0;4
2;114;1;753;287;0;116;1;5;1;-1;-1;0;4
2;114;1;754;287;0;116;1;5;1;-1;-1;0;4
2;114;1;677;234;1;117;1;6;9;-1;-1;0;3
2;115;1;5;9;0;114;1;644;207;-1;-1;47;1
2;115;1;6;9;0;114;1;644;207;-1;-1;47;1
2;115;1;7;9;0;114;1;644;207;-1;-1;47;1
2;116;1;4;1;1;114;1;753;287;-1;-1;12;1
2;116;1;5;1;1;114;1;753;287;-1;-1;12;1
2;116;1;6;1;1;114;1;753;287;-1;-1;12;1
2;116;1;4;14;0;156;1;753;295;-1;-1;12;1
2;116;1;5;14;0;156;1;753;295;-1;-1;12;1
2;116;1;6;14;0;156;1;753;295;-1;-1;12;1
2;117;1;5;9;0;114;1;677;234;-1;-1;47;1
2;117;1;6;9;0;114;1;677;234;-1;-1;47;1
2;117;1;7;9;0;114;1;677;234;-1;-1;47;1
2;118;1;677;357;1;120;1;51;54;-1;-1;0;4
2;118;1;678;357;1;120;1;51;54;-1;-1;0;4
2;118;1;691;376;0;119;1;5;1;-1;-1;0;4
2;118;1;692;376;0;119;1;5;1;-1;-1;0;4
2;118;1;693;376;0;119;1;5;1;-1;-1;0;4
2;119;1;4;14;0;0;0;51;9;-1;-1;12;1
2;119;1;5;14;0;0;0;51;9;-1;-1;12;1
2;119;1;6;14;0;0;0;51;9;-1;-1;12;1
2;119;1;4;1;1;118;1;692;376;-1;-1;12;1
2;119;1;5;1;1;118;1;692;376;-1;-1;12;1
2;119;1;6;1;1;118;1;692;376;-1;-1;12;1
2;120;1;50;54;0;118;1;678;357;-1;-1;190;4
2;120;1;51;54;0;118;1;678;357;-1;-1;190;4
2;120;1;36;46;1;121;1;5;9;-1;-1;190;3
2;121;1;4;9;0;120;1;36;46;-1;-1;46;1
2;121;1;5;9;0;120;1;36;46;-1;-1;46;1
2;121;1;6;9;0;120;1;36;46;-1;-1;46;1
2;122;1;633;426;3;123;1;1;5;-1;-1;0;4
2;122;1;633;427;3;123;1;1;5;-1;-1;0;4
2;122;1;633;428;3;123;1;1;5;-1;-1;0;4
2;122;1;583;435;2;124;1;23;7;-1;-1;0;4
2;122;1;583;436;2;124;1;23;7;-1;-1;0;4
2;122;1;608;425;1;125;1;10;23;-1;-1;0;24
2;122;1;591;431;1;126;1;5;5;-1;-1;0;4
2;123;1;1;4;2;122;1;633;427;-1;-1;50;1
2;123;1;1;5;2;122;1;633;427;-1;-1;50;1
2;123;1;1;6;2;122;1;633;427;-1;-1;50;1
2;123;1;15;4;3;0;0;9;52;-1;-1;50;1
2;123;1;15;5;3;0;0;9;52;-1;-1;50;1
2;123;1;15;6;3;0;0;9;52;-1;-1;50;1
2;124;1;4;1;1;7;1;161;31;-1;-1;131;3
2;124;1;23;6;3;122;1;583;436;-1;-1;131;1
2;124;1;23;7;3;122;1;583;436;-1;-1;131;1
2;124;1;23;8;3;122;1;583;436;-1;-1;131;1
2;125;1;9;23;0;122;1;608;425;-1;-1;140;1
2;125;1;10;23;0;122;1;608;425;-1;-1;140;1
2;125;1;11;23;0;122;1;608;425;-1;-1;140;1
2;126;1;4;5;0;122;1;591;431;-1;-1;65;1
2;126;1;5;5;0;122;1;591;431;-1;-1;65;1
2;126;1;6;5;0;122;1;591;431;-1;-1;65;1
2;127;1;503;431;3;128;1;1;9;-1;-1;0;4
2;127;1;503;432;3;128;1;1;9;-1;-1;0;4
2;127;1;454;437;2;92;0;15;5;-1;-1;0;4
2;127;1;454;438;2;92;0;15;5;-1;-1;0;4
2;127;1;454;439;2;92;0;15;5;-1;-1;0;4
2;127;1;483;416;1;129;1;13;52;-1;-1;0;4
2;127;1;484;416;1;129;1;13;52;-1;-1;0;4
2;128;1;1;8;2;127;1;503;432;-1;-1;130;1
2;128;1;1;9;2;127;1;503;432;-1;-1;130;1
2;128;1;1;10;2;127;1;503;432;-1;-1;130;1
2;128;1;20;3;1;7;1;14;31;-1;-1;130;3
2;129;1;12;52;0;127;1;484;416;-1;-1;237;4
2;129;1;13;52;0;127;1;484;416;-1;-1;237;4
2;129;1;16;17;1;130;1;5;5;-1;-1;237;4
2;130;1;4;5;0;129;1;16;17;-1;-1;65;1
2;130;1;5;5;0;129;1;16;17;-1;-1;65;1
2;130;1;6;5;0;129;1;16;17;-1;-1;65;1
2;131;1;636;737;1;132;1;4;10;-1;-1;0;3
2;132;1;3;10;0;131;1;636;737;-1;-1;91;1
2;132;1;4;10;0;131;1;636;737;-1;-1;91;1
2;132;1;5;10;0;131;1;636;737;-1;-1;91;1
2;133;1;782;748;1;134;1;6;10;-1;-1;0;3
2;133;1;776;757;1;136;1;6;10;-1;-1;0;3
2;133;1;787;757;1;138;1;6;10;-1;-1;0;3
2;133;1;777;740;1;140;1;4;11;-1;-1;0;3
2;134;1;5;10;0;133;1;782;748;-1;-1;39;1
2;134;1;6;10;0;133;1;782;748;-1;-1;39;1
2;134;1;7;10;0;133;1;782;748;-1;-1;39;1
2;134;1;2;2;2;135;1;9;2;-1;-1;39;2
2;135;1;9;2;3;134;1;2;2;-1;-1;40;2
2;136;1;5;10;0;133;1;776;757;-1;-1;37;1
2;136;1;6;10;0;133;1;776;757;-1;-1;37;1
2;136;1;7;10;0;133;1;776;757;-1;-1;37;1
2;136;1;11;2;3;137;1;2;2;-1;-1;37;2
2;137;1;2;2;2;136;1;11;2;-1;-1;38;2
2;138;1;5;10;0;133;1;787;757;-1;-1;35;1
2;138;1;6;10;0;133;1;787;757;-1;-1;35;1
2;138;1;7;10;0;133;1;787;757;-1;-1;35;1
2;138;1;11;2;3;139;1;2;2;-1;-1;35;2
2;139;1;2;2;2;138;1;11;2;-1;-1;36;2
2;140;1;3;11;0;133;1;777;740;-1;-1;42;1
2;140;1;4;11;0;133;1;777;740;-1;-1;42;1
2;140;1;5;11;0;133;1;777;740;-1;-1;42;1
2;141;1;796;657;1;142;1;7;19;-1;-1;0;3
2;141;1;771;660;1;143;1;7;10;-1;-1;0;3
2;141;1;785;646;1;145;1;7;10;-1;-1;0;3
2;141;1;777;646;1;147;1;7;10;-1;-1;0;3
2;141;1;794;648;1;149;1;5;9;-1;-1;0;3
2;141;1;768;647;2;64;1;15;5;-1;-1;0;4
2;141;1;768;648;2;64;1;15;5;-1;-1;0;4
2;141;1;768;649;2;64;1;15;5;-1;-1;0;4
2;142;1;6;19;0;141;1;796;657;-1;-1;13;1
2;142;1;7;19;0;141;1;796;657;-1;-1;13;1
2;142;1;8;19;0;141;1;796;657;-1;-1;13;1
2;143;1;6;10;0;141;1;771;660;-1;-1;26;1
2;143;1;7;10;0;141;1;771;660;-1;-1;26;1
2;143;1;8;10;0;141;1;771;660;-1;-1;26;1
2;143;1;8;2;3;144;1;10;2;-1;-1;26;2
2;144;1;10;2;2;143;1;8;2;-1;-1;27;2
2;145;1;6;10;0;141;1;785;646;-1;-1;26;1
2;145;1;7;10;0;141;1;785;646;-1;-1;26;1
2;145;1;8;10;0;141;1;785;646;-1;-1;26;1
2;145;1;8;2;3;146;1;10;2;-1;-1;26;2
2;146;1;10;2;2;145;1;8;2;-1;-1;27;2
2;147;1;6;10;0;141;1;777;646;-1;-1;26;1
2;147;1;7;10;0;141;1;777;646;-1;-1;26;1
2;147;1;8;10;0;141;1;777;646;-1;-1;26;1
2;147;1;8;2;3;148;1;10;2;-1;-1;26;2
2;148;1;10;2;2;147;1;8;2;-1;-1;32;2
2;149;1;4;9;0;141;1;794;648;-1;-1;45;1
2;149;1;5;9;0;141;1;794;648;-1;-1;45;1
2;149;1;6;9;0;141;1;794;648;-1;-1;45;1
2;150;1;660;184;1;151;1;7;19;-1;-1;0;3
2;150;1;648;184;1;152;1;6;9;-1;-1;0;3
2;150;1;652;169;1;153;1;6;9;-1;-1;0;3
2;150;1;657;169;1;154;1;6;9;-1;-1;0;3
2;150;1;667;165;1;155;1;6;9;-1;-1;0;3
2;151;1;6;19;0;150;1;660;184;-1;-1;13;1
2;151;1;7;19;0;150;1;660;184;-1;-1;13;1
2;151;1;8;19;0;150;1;660;184;-1;-1;13;1
2;152;1;5;9;0;150;1;648;184;-1;-1;47;1
2;152;1;6;9;0;150;1;648;184;-1;-1;47;1
2;152;1;7;9;0;150;1;648;184;-1;-1;47;1
2;153;1;5;9;0;150;1;652;169;-1;-1;47;1
2;153;1;6;9;0;150;1;652;169;-1;-1;47;1
2;153;1;7;9;0;150;1;652;169;-1;-1;47;1
2;154;1;5;9;0;150;1;657;169;-1;-1;47;1
2;154;1;6;9;0;150;1;657;169;-1;-1;47;1
2;154;1;7;9;0;150;1;657;169;-1;-1;47;1
2;155;1;5;9;0;150;1;667;165;-1;-1;47;1
2;155;1;6;9;0;150;1;667;165;-1;-1;47;1
2;155;1;7;9;0;150;1;667;165;-1;-1;47;1
2;156;1;760;299;1;157;1;7;19;-1;-1;0;3
2;156;1;716;299;1;158;1;18;20;-1;-1;0;23
2;156;1;729;299;1;159;1;6;9;-1;-1;0;3
2;156;1;736;299;1;160;1;6;9;-1;-1;0;3
2;156;1;752;295;1;116;1;5;14;-1;-1;0;3
2;156;1;753;295;1;116;1;5;14;-1;-1;0;3
2;156;1;754;295;1;116;1;5;14;-1;-1;0;3
2;156;1;744;299;1;161;1;6;9;-1;-1;0;3
2;157;1;6;19;0;156;1;760;299;-1;-1;13;1
2;157;1;7;19;0;156;1;760;299;-1;-1;13;1
2;157;1;8;19;0;156;1;760;299;-1;-1;13;1
2;158;1;17;20;0;156;1;716;299;-1;-1;104;1
2;158;1;18;20;0;156;1;716;299;-1;-1;104;1
2;158;1;19;20;0;156;1;716;299;-1;-1;104;1
2;159;1;5;9;0;156;1;729;299;-1;-1;44;1
2;159;1;6;9;0;156;1;729;299;-1;-1;44;1
2;159;1;7;9;0;156;1;729;299;-1;-1;44;1
2;160;1;5;9;0;156;1;736;299;-1;-1;44;1
2;160;1;6;9;0;156;1;736;299;-1;-1;44;1
2;160;1;7;9;0;156;1;736;299;-1;-1;44;1
2;161;1;5;9;0;156;1;744;299;-1;-1;44;1
2;161;1;6;9;0;156;1;744;299;-1;-1;44;1
2;161;1;7;9;0;156;1;744;299;-1;-1;44;1
2;162;1;40;37;1;163;1;5;9;-1;-1;128;3
2;162;1;35;47;1;164;1;5;9;-1;-1;128;3
2;162;1;44;47;1;165;1;5;9;-1;-1;128;3
2;163;1;4;9;0;162;1;40;37;-1;-1;46;1
2;163;1;5;9;0;162;1;40;37;-1;-1;46;1
2;163;1;6;9;0;162;1;40;37;-1;-1;46;1
2;164;1;4;9;0;162;1;35;47;-1;-1;46;1
2;164;1;5;9;0;162;1;35;47;-1;-1;46;1
2;164;1;6;9;0;162;1;35;47;-1;-1;46;1
2;165;1;4;9;0;162;1;44;47;-1;-1;46;1
2;165;1;5;9;0;162;1;44;47;-1;-1;46;1
2;165;1;6;9;0;162;1;44;47;-1;-1;46;1
2;167;1;735;747;3;62;1;1;5;-1;-1;0;4
2;167;1;735;748;3;62;1;1;5;-1;-1;0;4
2;167;1;735;749;3;62;1;1;5;-1;-1;0;4
2;168;1;8;50;2;123;1;15;5;-1;-1;225;4
2;168;1;8;51;2;123;1;15;5;-1;-1;225;4
2;168;1;8;52;2;123;1;15;5;-1;-1;225;4
2;168;1;8;53;2;123;1;15;5;-1;-1;225;4
2;168;1;43;36;1;169;1;7;19;-1;-1;225;35
2;168;1;50;9;1;119;1;5;14;-1;-1;225;4
2;168;1;51;9;1;119;1;5;14;-1;-1;225;4
2;168;1;52;9;1;119;1;5;14;-1;-1;225;4
2;168;1;19;46;1;170;1;6;9;-1;-1;225;35
2;169;1;6;19;0;168;1;43;36;-1;-1;13;1
2;169;1;7;19;0;168;1;43;36;-1;-1;13;1
2;169;1;8;19;0;168;1;43;36;-1;-1;13;1
2;170;1;5;9;0;168;1;19;46;-1;-1;44;1
2;170;1;6;9;0;168;1;19;46;-1;-1;44;1
2;170;1;7;9;0;168;1;19;46;-1;-1;44;1
