3;3;0;180;755;105;128;13
3;3;0;149;778;110;0;13
3;3;0;180;776;105;128;13
3;3;0;164;751;105;128;13
3;3;0;167;788;105;128;13
3;3;0;145;751;105;128;13
3;3;0;179;766;105;128;13
3;3;0;168;776;110;0;13
3;3;0;141;751;105;128;13
3;3;0;140;788;105;128;13
3;3;0;129;736;0;128;15
3;3;0;128;736;0;128;15
3;3;0;128;758;109;0;4
3;3;0;128;759;109;0;4
3;4;0;3;11;101;0;2
3;5;0;4;14;0;0;0
3;6;0;8;12;101;0;2
3;6;0;2;10;106;0;7
3;6;0;14;10;106;0;11
3;7;0;2;10;106;0;7
3;7;0;8;2;110;0;13
3;8;0;3;12;101;0;2
3;8;0;16;12;101;0;2
3;8;0;6;3;94;0;9
3;9;0;15;3;95;0;5
3;9;0;6;3;94;0;9
3;10;0;15;3;95;0;5
3;11;0;9;18;101;0;2
3;11;0;14;4;95;0;5
3;11;0;18;3;105;128;13
3;12;0;7;3;94;0;9
3;12;0;14;3;95;0;5
3;12;0;3;2;110;0;13
3;12;0;18;2;105;128;13
3;13;0;7;3;94;0;9
3;13;0;14;3;95;0;5
3;13;0;5;2;110;0;13
3;13;0;2;2;110;0;13
3;13;0;18;2;105;128;13
3;14;0;7;3;94;0;9
3;14;0;18;2;105;128;13
3;15;0;3;13;101;0;2
3;16;0;8;10;101;0;2
3;17;0;8;10;101;0;2
3;18;0;3;6;101;0;2
3;19;0;11;12;101;0;2
3;19;0;15;3;95;0;5
3;20;0;8;3;94;0;9
3;20;0;0;0;0;128;15
3;21;0;8;3;94;0;9
3;21;0;15;3;0;0;1
3;22;0;8;3;94;0;9
3;23;0;9;11;0;0;0
3;24;0;11;12;101;0;2
3;24;0;15;3;95;0;5
3;25;0;8;3;94;0;9
3;25;0;0;0;0;128;15
3;26;0;8;3;94;0;9
3;26;0;15;3;0;0;1
3;27;0;8;3;94;0;9
3;28;0;13;18;101;0;2
3;28;0;16;4;103;0;0
3;28;0;20;4;103;0;0
3;29;0;7;11;101;0;2
3;30;0;11;12;101;0;2
3;30;0;15;3;95;0;5
3;31;0;5;8;0;0;2
3;32;0;5;8;0;0;2
3;33;0;39;731;105;128;13
3;33;0;58;722;105;128;13
3;33;0;53;740;105;128;13
3;33;0;37;718;105;128;13
3;33;0;54;748;105;128;13
3;33;0;58;713;105;128;13
3;33;0;39;748;105;128;13
3;33;0;63;754;108;0;8
3;33;0;63;755;108;0;8
3;33;0;53;732;105;128;13
3;33;0;38;740;105;128;13
3;34;0;3;11;101;0;2
3;35;0;16;27;101;0;2
3;36;0;8;12;101;0;2
3;36;0;2;10;106;0;7
3;36;0;14;10;106;0;11
3;37;0;2;10;106;0;7
3;37;0;8;2;110;0;13
3;38;0;11;11;101;0;2
3;38;0;11;4;95;0;5
3;39;0;4;4;94;0;9
3;39;0;11;4;95;0;5
3;40;0;4;3;94;0;9
3;41;0;4;8;101;0;2
3;42;0;4;8;101;0;2
3;43;0;4;8;101;0;2
3;44;0;4;8;101;0;2
3;45;0;282;756;105;128;13
3;45;0;303;756;105;128;13
3;45;0;285;746;105;128;13
3;45;0;271;746;105;128;13
3;45;0;273;756;105;128;13
3;45;0;293;752;105;128;13
3;45;0;305;747;110;0;13
3;45;0;312;764;105;128;13
3;45;0;278;746;105;128;13
3;45;0;307;772;105;128;13
3;45;0;258;749;109;0;4
3;45;0;300;795;111;0;6
3;45;0;301;795;111;0;2
3;45;0;302;795;111;0;2
3;45;0;303;795;111;0;2
3;45;0;304;795;111;0;10
3;46;0;3;11;101;0;2
3;47;0;5;24;101;0;2
3;48;0;8;12;101;0;2
3;48;0;2;10;106;0;7
3;48;0;14;10;106;0;11
3;49;0;2;10;106;0;7
3;49;0;8;2;110;0;13
3;50;0;11;12;101;0;2
3;50;0;15;3;95;0;5
3;51;0;8;3;94;0;9
3;51;0;1;1;0;128;15
3;52;0;8;3;94;0;9
3;52;0;15;3;95;0;5
3;53;0;8;3;94;0;9
3;54;0;11;12;101;0;2
3;54;0;15;3;95;0;5
3;55;0;8;3;94;0;9
3;55;0;1;1;0;128;15
3;56;0;8;3;94;0;9
3;56;0;15;3;95;0;5
3;57;0;8;3;94;0;9
3;58;0;4;8;101;0;2
3;59;0;5;13;101;0;2
3;60;0;4;8;101;0;2
3;61;0;11;12;101;0;2
3;61;0;15;3;95;0;5
3;62;0;8;3;94;0;9
3;62;0;1;1;0;128;15
3;63;0;8;3;94;0;9
3;64;0;4;8;101;0;2
3;65;0;305;530;105;128;13
3;65;0;309;548;105;128;13
3;65;0;310;539;105;128;13
3;65;0;305;519;105;128;13
3;65;0;315;548;105;128;13
3;65;0;298;562;105;128;13
3;65;0;327;537;105;128;13
3;65;0;316;521;105;128;13
3;65;0;304;569;101;0;2
3;65;0;305;569;101;0;2
3;65;0;312;562;105;128;13
3;65;0;310;530;105;128;13
3;66;0;3;11;101;0;2
3;67;0;11;27;101;0;2
3;67;0;11;0;0;128;15
3;68;0;16;29;101;0;2
3;69;0;8;12;101;0;2
3;69;0;2;10;106;0;7
3;69;0;14;10;106;0;11
3;70;0;2;10;106;0;7
3;70;0;8;2;110;0;13
3;71;0;7;11;101;0;2
3;72;0;11;15;101;0;2
3;72;0;14;6;95;0;5
3;72;0;20;6;95;0;5
3;72;0;2;2;110;0;13
3;73;0;3;3;94;0;9
3;73;0;20;3;95;0;5
3;73;0;8;3;94;0;9
3;73;0;14;3;95;0;5
3;74;0;8;3;94;0;9
3;74;0;20;3;95;0;5
3;74;0;2;3;94;0;9
3;74;0;14;3;95;0;5
3;75;0;8;3;94;0;9
3;75;0;3;3;94;0;9
3;76;0;11;12;101;0;2
3;76;0;15;3;95;0;5
3;77;0;8;3;94;0;9
3;77;0;15;3;95;0;5
3;78;0;8;3;94;0;9
3;78;0;1;1;0;128;15
3;79;0;8;3;94;0;9
3;80;0;7;2;110;0;1
3;80;0;7;12;101;0;2
3;80;0;6;12;101;0;6
3;80;0;8;12;101;0;10
3;80;0;6;2;110;0;5
3;80;0;8;2;110;0;9
3;81;0;4;8;101;0;2
3;82;0;4;8;101;0;2
3;83;0;4;8;101;0;2
3;84;0;4;8;101;0;2
3;86;0;458;683;110;0;5
3;86;0;459;683;110;0;9
3;86;0;479;691;105;128;13
3;86;0;500;683;110;0;5
3;86;0;501;683;110;0;9
3;86;0;465;697;105;128;13
3;86;0;470;697;105;128;13
3;86;0;494;710;105;128;13
3;86;0;499;697;105;128;13
3;86;0;460;709;110;0;13
3;86;0;472;710;105;128;13
3;86;0;477;710;105;128;13
3;86;0;488;710;105;128;13
3;86;0;486;697;105;128;13
3;86;0;454;726;109;0;4
3;86;0;458;729;111;0;2
3;86;0;459;729;111;0;2
3;86;0;505;727;108;0;8
3;86;0;454;727;109;0;4
3;86;0;505;726;108;0;8
3;87;0;3;11;101;0;2
3;88;0;11;7;0;128;15
3;88;0;4;2;105;128;13
3;88;0;12;7;0;128;7
3;88;0;4;8;101;0;2
3;88;0;11;3;103;0;9
3;89;0;8;10;101;0;2
3;89;0;4;2;105;128;13
3;89;0;8;2;105;128;13
3;89;0;12;2;105;128;13
3;90;0;14;22;101;0;2
3;90;0;4;2;105;128;13
3;90;0;9;2;105;128;13
3;90;0;14;2;105;128;13
3;90;0;19;2;105;128;13
3;90;0;24;2;105;128;13
3;91;0;3;17;0;0;0
3;91;0;1;17;0;0;0
3;91;0;5;17;0;0;0
3;91;0;4;13;101;0;2
3;91;0;14;3;103;0;9
3;92;0;7;10;0;0;2
3;93;0;9;2;105;128;13
3;93;0;4;2;105;128;13
3;93;0;14;2;105;128;13
3;93;0;9;22;0;0;2
3;94;0;7;10;0;0;2
3;95;0;9;2;105;128;13
3;95;0;4;2;105;128;13
3;95;0;14;2;105;128;13
3;95;0;9;22;0;0;2
3;96;0;7;10;0;0;2
3;97;0;7;10;0;0;2
3;98;0;7;10;0;0;2
3;99;0;7;10;0;0;2
3;100;0;9;12;0;0;5
3;101;0;8;12;101;0;2
3;101;0;2;10;106;0;7
3;101;0;14;10;106;0;11
3;102;0;2;10;106;0;7
3;102;0;8;2;110;0;13
3;103;0;10;12;101;0;2
3;103;0;18;2;105;128;13
3;104;0;18;2;105;128;13
3;105;0;3;6;101;0;2
3;106;0;6;17;101;0;2
3;107;0;5;12;101;0;2
3;107;0;5;2;110;0;13
3;108;0;5;12;101;0;2
3;108;0;5;2;110;0;13
3;109;0;10;7;98;0;8
3;109;0;1;7;99;0;4
3;110;0;1;7;99;0;4
3;110;0;10;7;98;0;8
3;111;0;5;2;110;0;13
3;111;0;5;12;101;0;2
3;112;0;10;12;101;0;2
3;112;0;18;2;105;128;13
3;113;0;18;2;105;128;13
3;114;0;3;6;101;0;2
3;115;0;5;8;101;0;2
3;116;0;8;13;101;0;2
3;117;0;16;13;101;0;2
3;117;0;23;2;110;0;13
3;119;0;8;20;101;0;2
3;120;0;589;827;105;128;13
3;120;0;601;835;105;128;13
3;120;0;601;844;105;128;13
3;120;0;600;824;105;128;13
3;120;0;611;835;105;128;13
3;120;0;624;819;105;128;13
3;120;0;589;844;105;128;13
3;120;0;610;809;110;0;5
3;120;0;611;809;110;0;9
3;120;0;600;815;105;128;13
3;120;0;639;812;108;0;8
3;120;0;639;813;108;0;8
3;121;0;3;11;101;0;2
3;122;0;13;42;101;0;2
3;123;0;8;12;101;0;2
3;123;0;2;10;106;0;7
3;123;0;14;10;106;0;11
3;124;0;2;10;106;0;7
3;124;0;8;2;110;0;13
3;125;0;5;11;101;0;2
3;125;0;10;8;95;0;5
3;125;0;5;2;110;0;13
3;126;0;7;8;94;0;8
3;127;0;4;8;101;0;2
3;128;0;4;8;101;0;2
3;129;0;4;8;101;0;2
3;130;0;4;8;101;0;2
3;131;0;4;8;101;0;2
3;132;0;678;598;109;0;4
3;132;0;678;599;109;0;4
3;132;0;706;623;110;0;13
3;132;0;701;603;105;128;13
3;132;0;701;591;110;0;13
3;132;0;716;623;105;128;13
3;132;0;690;623;105;128;13
3;132;0;696;623;105;128;13
3;132;0;711;602;105;128;13
3;132;0;717;602;105;128;13
3;132;0;717;611;105;128;13
3;132;0;718;638;111;0;2
3;132;0;719;638;111;0;2
3;132;0;684;611;105;128;13
3;132;0;714;589;105;128;13
3;132;0;717;589;105;128;13
3;132;0;720;589;105;128;13
3;133;0;12;30;101;0;2
3;134;0;8;12;101;0;2
3;134;0;2;10;106;0;7
3;134;0;14;10;106;0;11
3;135;0;2;10;106;0;7
3;135;0;8;2;110;0;13
3;136;0;5;11;101;0;2
3;137;0;10;12;101;0;2
3;137;0;12;8;107;0;7
3;137;0;15;2;105;128;13
3;137;0;7;8;107;0;11
3;138;0;7;8;107;0;11
3;138;0;12;8;107;0;7
3;138;0;15;2;105;128;13
3;139;0;7;8;107;0;11
3;139;0;12;8;107;0;7
3;139;0;15;2;105;128;13
3;140;0;7;8;107;0;11
3;140;0;12;8;107;0;7
3;140;0;15;2;105;128;13
3;141;0;7;8;107;0;11
3;141;0;15;2;105;128;13
3;142;0;3;6;101;0;2
3;143;0;8;11;101;0;2
3;143;0;13;3;94;0;9
3;144;0;4;8;101;0;2
3;145;0;4;8;101;0;2
3;146;0;4;8;101;0;2
3;147;0;4;8;101;0;2
3;148;0;4;8;101;0;2
3;149;0;10;7;98;0;8
3;149;0;1;7;99;0;4
3;150;0;849;762;110;0;5
3;150;0;883;743;105;128;13
3;150;0;845;768;105;128;13
3;150;0;832;790;109;0;5
3;150;0;875;743;105;128;13
3;150;0;853;768;105;128;13
3;150;0;832;791;109;0;6
3;150;0;832;751;0;128;15
3;150;0;832;750;0;128;14
3;150;0;888;771;105;128;13
3;150;0;886;790;110;0;13
3;150;0;860;784;105;128;13
3;150;0;845;747;105;128;13
3;150;0;850;762;110;0;9
3;151;0;8;12;101;0;2
3;151;0;2;10;106;0;7
3;151;0;14;10;106;0;11
3;152;0;2;10;106;0;7
3;152;0;8;2;110;0;13
3;153;0;3;11;101;0;2
3;154;0;8;14;101;0;2
3;154;0;8;2;110;0;13
3;155;0;9;21;101;0;2
3;155;0;9;2;110;0;13
3;156;0;11;25;101;0;2
3;157;0;5;12;101;0;2
3;158;0;4;8;101;0;2
3;159;0;4;8;101;0;2
3;160;0;4;8;101;0;2
3;161;0;4;8;101;0;2
3;162;0;4;8;101;0;2
3;163;0;4;8;101;0;2
3;164;0;6;9;105;128;13
3;165;0;353;208;105;128;13
3;165;0;379;208;105;128;13
3;165;0;366;197;110;0;5
3;165;0;353;232;105;128;13
3;165;0;379;233;105;128;13
3;165;0;367;222;105;128;13
3;165;0;367;197;110;0;9
3;166;0;3;11;101;0;2
3;167;0;11;28;101;0;2
3;168;0;8;12;101;0;2
3;168;0;2;10;106;0;7
3;168;0;14;10;106;0;11
3;169;0;2;10;106;0;7
3;169;0;8;2;110;0;13
3;170;0;4;8;101;0;2
3;171;0;4;8;101;0;2
3;172;0;842;598;105;128;13
3;172;0;847;559;110;0;13
3;172;0;851;597;110;0;1
3;172;0;853;582;108;0;8
3;172;0;850;597;110;0;5
3;172;0;852;597;110;0;9
3;172;0;853;581;108;0;8
3;172;0;853;583;108;0;8
3;173;0;8;12;101;0;2
3;173;0;2;10;106;0;7
3;173;0;14;10;106;0;11
3;174;0;2;10;106;0;7
3;174;0;8;2;110;0;13
3;175;0;11;2;110;0;13
3;175;0;11;11;101;0;2
3;175;0;2;12;106;0;7
3;175;0;6;14;106;0;11
3;176;0;4;2;110;0;13
3;176;0;4;15;0;0;2
3;177;0;8;2;110;0;13
3;177;0;8;11;0;0;0
3;178;0;4;2;110;0;13
3;178;0;4;15;0;0;2
3;179;0;8;2;110;0;13
3;179;0;8;11;0;0;0
3;180;0;4;2;110;0;13
3;180;0;4;15;0;0;2
3;181;0;8;2;110;0;13
3;181;0;8;11;0;0;0
3;182;0;4;2;110;0;13
3;182;0;4;15;0;0;2
3;183;0;8;2;110;0;13
3;183;0;8;11;0;0;0
3;184;0;4;2;110;0;13
3;184;0;4;23;0;0;2
3;185;0;8;2;110;0;13
3;185;0;8;18;0;0;2
3;186;0;5;2;110;0;13
3;186;0;5;23;44;0;2
3;187;0;8;15;44;0;2
3;188;0;630;421;110;0;5
3;188;0;631;421;110;0;9
3;188;0;654;423;110;0;5
3;188;0;655;423;110;0;9
3;188;0;654;438;105;128;13
3;188;0;654;444;105;128;13
3;188;0;647;429;105;128;13
3;188;0;660;429;105;128;13
3;189;0;8;12;101;0;2
3;189;0;2;10;106;0;7
3;189;0;14;10;106;0;11
3;190;0;2;10;106;0;7
3;190;0;8;2;110;0;13
3;191;0;3;11;101;0;2
3;192;0;5;2;0;128;5
3;193;0;5;12;101;0;2
3;193;0;5;2;110;0;13
3;194;0;4;8;101;0;2
3;195;0;4;8;101;0;2
3;198;0;11;1;110;0;5
3;198;0;12;1;110;0;1
3;198;0;13;1;110;0;9
3;198;0;12;21;111;0;2
3;198;0;11;21;111;0;2
3;198;0;13;21;111;0;2
3;199;0;15;1;110;0;13
3;200;0;243;654;105;128;13
3;201;0;12;16;101;0;2
3;203;0;28;86;111;0;6
3;203;0;29;86;111;0;10
3;203;0;86;36;108;0;9
3;203;0;86;37;108;0;10
3;203;0;74;15;105;128;13
3;204;0;169;587;110;0;1
3;204;0;168;587;110;0;5
3;204;0;170;587;110;0;9
3;205;0;26;26;101;0;2
3;207;0;4;8;109;0;4
3;207;0;27;20;108;0;8
3;207;0;25;3;94;0;12
3;208;0;27;48;95;0;4
3;208;0;2;59;109;0;4
3;208;0;7;23;110;0;13
3;208;0;7;12;111;0;2
3;208;0;11;4;94;0;8
3;208;0;21;4;95;0;4
3;209;0;14;26;95;0;4
3;209;0;18;26;94;0;8
3;209;0;3;29;111;0;6
3;210;0;42;40;109;0;4
3;210;0;13;19;108;0;8
3;210;0;45;28;108;0;12
3;211;0;12;35;110;0;13
3;211;0;11;17;110;0;13
3;211;0;39;18;110;0;13
3;212;0;7;25;111;0;2
3;212;0;35;24;111;0;2
3;212;0;17;6;110;0;13
3;212;0;59;6;111;0;2
3;212;0;40;10;108;0;8
3;213;0;2;3;109;0;4
3;213;0;18;8;94;0;8
3;214;0;21;7;95;0;4
3;214;0;13;24;95;0;4
3;215;0;10;24;94;0;8
3;215;0;7;5;110;0;13
3;215;0;7;5;110;0;13
3;215;0;7;5;110;0;13
3;215;0;7;5;110;0;13
3;216;0;2;58;109;0;4
3;216;0;16;13;110;0;13
3;217;0;10;27;95;0;4
3;217;0;2;18;109;0;4
3;217;0;15;16;110;0;13
3;217;0;15;16;110;0;13
3;218;0;21;61;111;0;3
3;218;0;11;10;95;0;4
3;218;0;2;41;109;0;4
3;218;0;29;35;108;0;8
3;219;0;8;60;94;0;8
3;219;0;8;3;94;0;8
3;220;0;31;53;111;0;2
3;221;0;31;53;111;0;2
3;225;0;5;11;111;0;2
3;225;0;8;3;108;0;8
3;226;0;5;11;111;0;2
3;226;0;6;3;94;0;8
3;226;0;6;10;94;0;8
3;226;0;4;3;95;0;4
3;227;0;4;3;95;0;4
3;228;0;5;3;94;0;8
3;229;0;4;3;95;0;4
3;229;0;4;10;95;0;4
3;229;0;6;3;94;0;8
3;229;0;6;10;94;0;8
3;230;0;2;3;95;0;4
3;231;0;6;10;94;0;8
3;231;0;6;3;94;0;8
3;231;0;4;3;95;0;4
3;231;0;4;10;95;0;4
3;232;0;2;3;95;0;4
3;233;0;4;3;95;0;4
3;234;0;6;3;94;0;8
3;235;0;5;3;94;0;8
3;236;0;5;3;94;0;8
3;237;0;4;3;95;0;4
3;237;0;4;10;95;0;4
3;237;0;6;10;94;0;8
3;238;0;4;3;95;0;4
3;238;0;6;3;94;0;8
3;238;0;4;10;95;0;4
3;238;0;6;10;94;0;8
3;239;0;2;3;95;0;4
3;239;0;6;3;94;0;8
3;239;0;2;10;95;0;4
3;239;0;6;10;94;0;8
3;240;0;8;3;94;0;8
3;241;0;2;3;95;0;4
3;242;0;5;3;94;0;8
3;244;0;4;37;95;0;4
3;244;0;7;47;95;0;5
3;244;0;42;41;94;0;8
3;244;0;44;48;94;0;8
3;244;0;41;24;94;0;8
3;244;0;4;25;95;0;4
3;244;0;45;33;108;0;8
3;244;0;15;78;111;0;2
3;244;0;34;5;109;0;4
3;244;0;14;78;111;0;2
3;244;0;16;78;111;0;2
3;244;0;34;4;109;0;5
3;244;0;34;6;109;0;4
3;245;0;20;16;94;0;8
3;245;0;23;26;94;0;9
3;245;0;20;4;94;0;8
3;246;0;4;39;95;0;4
3;246;0;6;46;95;0;4
3;246;0;3;22;95;0;5
3;247;0;3;58;109;0;4
3;247;0;56;13;108;0;8
3;248;0;5;20;109;0;4
3;248;0;21;10;108;0;8
3;249;0;12;16;109;0;4
3;249;0;29;16;108;0;8
3;251;0;24;52;0;128;14
3;251;0;25;52;0;128;14
3;253;0;10;51;111;0;2
3;253;0;11;51;111;0;2
3;253;0;52;51;111;0;2
3;253;0;53;51;111;0;2
3;254;0;19;50;111;0;2
3;254;0;28;44;111;0;2
3;0;1;50;9;110;0;5
3;0;1;51;9;110;0;9
3;0;1;39;45;105;128;13
3;0;1;12;54;101;0;6
3;0;1;13;54;101;0;10
3;1;1;4;8;101;0;2
3;2;1;4;22;109;0;4
3;2;1;27;22;108;0;8
3;2;1;20;5;94;0;8
3;3;1;48;4;95;0;4
3;4;1;53;268;110;0;5
3;4;1;54;268;110;0;9
3;5;1;16;21;111;0;6
3;5;1;17;21;111;0;10
3;6;1;750;231;110;0;13
3;7;1;20;29;111;0;2
3;7;1;17;2;110;0;13
3;8;1;47;2;110;0;13
3;8;1;42;86;111;0;14
3;9;1;7;17;111;0;2
3;11;1;12;56;111;0;6
3;11;1;13;56;111;0;10
3;11;1;31;16;110;0;13
3;12;1;11;1;110;0;13
3;12;1;20;11;108;0;8
3;12;1;11;20;111;0;2
3;12;1;2;11;109;0;4
3;12;1;11;16;111;0;2
3;13;1;11;1;110;0;13
3;13;1;20;11;108;0;8
3;13;1;11;20;111;0;2
3;13;1;2;11;109;0;4
3;14;1;11;1;110;0;13
3;14;1;20;11;108;0;8
3;14;1;11;20;111;0;2
3;14;1;2;11;109;0;4
3;15;1;11;1;110;0;13
3;15;1;20;11;108;0;8
3;15;1;11;20;111;0;2
3;15;1;2;11;109;0;4
3;16;1;11;1;110;0;13
3;16;1;20;11;108;0;8
3;16;1;11;20;111;0;2
3;16;1;2;11;109;0;4
3;17;1;11;1;110;0;13
3;17;1;20;11;108;0;8
3;17;1;11;20;111;0;2
3;17;1;2;11;109;0;4
3;22;1;8;13;111;0;2
3;22;1;14;3;95;0;12
3;23;1;4;3;94;0;8
3;23;1;14;3;95;0;12
3;24;1;6;3;94;0;8
3;24;1;14;3;95;0;4
3;25;1;6;3;94;0;8
3;25;1;14;3;95;0;4
3;26;1;6;3;94;0;8
3;26;1;14;3;95;0;4
3;27;1;8;3;94;0;8
3;28;1;30;55;111;0;2
3;28;1;41;53;111;0;6
3;28;1;28;54;95;0;5
3;28;1;55;54;95;0;5
3;29;1;43;38;94;0;8
3;29;1;16;40;94;0;8
3;30;1;6;7;108;0;8
3;31;1;14;25;111;0;2
3;31;1;15;25;111;0;2
3;32;1;111;499;105;128;13
3;32;1;117;489;110;0;13
3;32;1;103;489;108;0;8
3;33;1;6;8;111;0;2
3;33;1;4;3;95;0;4
3;33;1;8;3;94;0;8
3;34;1;15;3;94;0;9
3;35;1;6;26;95;0;4
3;35;1;16;26;94;0;8
3;35;1;2;3;95;0;4
3;36;1;2;3;95;0;4
3;37;1;38;3;94;0;8
3;37;1;14;48;109;0;4
3;38;1;2;5;109;0;4
3;38;1;14;15;108;0;8
3;38;1;14;1;110;0;13
3;38;1;14;1;110;0;13
3;39;1;1;6;99;0;4
3;39;1;17;6;98;0;8
3;39;1;9;5;110;0;12
3;39;1;9;2;110;0;13
3;39;1;9;15;101;0;2
3;40;1;19;11;101;0;2
3;41;1;7;5;98;0;8
3;41;1;24;5;99;0;4
3;42;1;19;5;101;0;2
3;42;1;4;2;110;0;13
3;42;1;11;2;110;0;13
3;42;1;19;2;110;0;13
3;42;1;27;2;110;0;13
3;42;1;34;2;110;0;13
3;43;1;4;7;101;0;2
3;44;1;11;7;101;0;2
3;45;1;12;7;101;0;2
3;46;1;13;7;101;0;2
3;47;1;10;7;101;0;2
3;49;1;8;22;101;0;2
3;49;1;29;22;101;0;2
3;49;1;42;22;101;0;2
3;49;1;4;3;94;0;9
3;49;1;19;14;95;0;5
3;49;1;27;3;95;0;5
3;49;1;11;3;95;0;5
3;49;1;46;3;95;0;5
3;49;1;52;21;103;0;8
3;49;1;41;3;103;0;9
3;49;1;39;3;103;0;5
3;49;1;32;3;103;0;5
3;49;1;36;8;103;0;8
3;49;1;1;8;103;0;4
3;49;1;41;14;0;0;5
3;50;1;7;3;95;0;5
3;50;1;24;3;94;0;9
3;50;1;10;11;94;0;9
3;50;1;12;3;94;0;9
3;50;1;50;3;95;0;5
3;50;1;1;3;103;0;5
3;50;1;17;5;103;0;4
3;50;1;1;14;103;0;4
3;50;1;45;12;103;0;9
3;50;1;52;6;103;0;8
3;50;1;29;13;103;0;4
3;50;1;52;12;103;0;9
3;50;1;18;20;103;0;9
3;50;1;1;22;103;0;6
3;50;1;45;22;103;0;10
3;51;1;15;3;95;0;5
3;51;1;47;3;94;0;9
3;51;1;10;11;94;0;9
3;51;1;6;14;103;0;4
3;51;1;15;13;103;0;5
3;51;1;17;11;103;0;5
3;51;1;52;12;103;0;9
3;51;1;19;11;103;0;1
3;51;1;32;22;103;0;6
3;52;1;3;15;95;0;5
3;52;1;22;3;103;0;9
3;52;1;21;17;103;0;0
3;52;1;8;3;103;0;1
3;53;1;11;3;94;0;9
3;53;1;3;7;95;0;4
3;54;1;50;3;94;0;9
3;54;1;81;3;94;0;9
3;54;1;3;16;95;0;5
3;55;1;46;54;111;0;6
3;55;1;47;54;111;0;10
3;56;1;32;32;110;0;13
3;56;1;46;54;111;0;6
3;56;1;47;54;111;0;10
3;57;1;14;29;111;0;2
3;58;1;52;10;108;0;9
3;58;1;32;32;110;0;13
3;58;1;52;11;108;0;10
3;59;1;51;8;0;128;15
3;59;1;32;32;110;0;13
3;59;1;51;7;0;128;15
3;59;1;52;10;108;0;9
3;59;1;52;11;108;0;10
3;60;1;14;29;111;0;2
3;60;1;14;29;111;0;2
3;61;1;14;50;111;0;6
3;61;1;15;50;111;0;10
3;62;1;11;50;0;128;15
3;62;1;32;32;110;0;13
3;62;1;12;50;0;128;15
3;62;1;14;50;111;0;6
3;62;1;15;50;111;0;10
3;63;1;14;29;111;0;2
3;64;1;137;268;110;0;5
3;64;1;138;268;110;0;9
3;65;1;16;21;111;0;2
3;65;1;17;21;111;0;2
3;66;1;20;33;110;0;13
3;66;1;29;33;110;0;13
3;66;1;24;53;111;0;2
3;66;1;25;53;111;0;2
3;67;1;5;17;101;0;2
3;67;1;21;17;101;0;2
3;70;1;15;19;101;0;2
3;70;1;14;19;101;0;2
3;70;1;16;19;101;0;2
3;78;1;81;843;110;0;9
3;78;1;80;843;110;0;5
3;78;1;80;843;110;0;5
3;78;1;81;843;110;0;9
3;80;1;706;790;105;128;13
3;80;1;715;781;105;128;13
3;80;1;690;791;105;128;13
3;80;1;717;760;109;0;5
3;80;1;717;761;109;0;6
3;80;1;717;760;109;0;5
3;80;1;717;761;109;0;6
3;81;1;9;12;101;0;2
3;82;1;6;8;101;0;2
3;83;1;6;8;101;0;2
3;84;1;308;229;110;0;5
3;84;1;309;229;110;0;9
3;84;1;308;229;110;0;5
3;84;1;309;229;110;0;9
3;85;1;762;713;110;0;5
3;85;1;763;713;110;0;9
3;88;1;246;749;108;0;8
3;89;1;171;705;110;0;13
3;90;1;180;698;110;0;13
3;91;1;206;581;110;0;5
3;91;1;207;581;110;0;9
3;91;1;214;594;105;128;13
3;92;1;4;8;101;0;2
3;93;1;259;525;109;0;6
3;93;1;259;524;109;0;5
3;94;1;302;688;110;0;1
3;94;1;303;688;110;0;1
3;94;1;302;681;111;0;2
3;94;1;303;681;111;0;2
3;94;1;304;576;110;0;5
3;94;1;305;576;110;0;9
3;94;1;300;681;111;0;2
3;94;1;301;681;111;0;2
3;94;1;304;681;111;0;2
3;94;1;305;681;111;0;2
3;94;1;301;688;110;0;5
3;94;1;304;688;110;0;9
3;94;1;299;611;110;0;4
3;94;1;310;607;110;0;13
3;95;1;6;2;110;0;5
3;95;1;6;12;101;0;2
3;95;1;7;2;110;0;1
3;95;1;8;2;110;0;9
3;95;1;7;12;101;0;2
3;95;1;8;12;101;0;2
3;96;1;5;2;110;0;13
3;96;1;5;12;101;0;2
3;97;1;341;712;108;0;8
3;97;1;348;717;108;0;8
3;98;1;447;726;108;0;8
3;98;1;447;727;108;0;8
3;98;1;441;716;105;128;13
3;98;1;392;724;109;0;4
3;99;1;4;8;101;0;2
3;100;1;512;726;109;0;4
3;100;1;512;727;109;0;4
3;100;1;568;680;110;0;13
3;101;1;7;14;101;0;2
3;101;1;4;3;94;0;9
3;102;1;11;3;95;0;5
3;102;1;4;3;94;0;9
3;103;1;11;3;95;0;5
3;103;1;4;3;94;0;9
3;104;1;11;3;95;0;5
3;104;1;4;3;94;0;9
3;105;1;11;3;95;0;5
3;106;1;566;591;105;128;13
3;107;1;564;516;105;128;13
3;108;1;4;8;101;0;2
3;109;1;380;532;108;0;8
3;110;1;419;527;109;0;4
3;111;1;458;736;110;0;5
3;111;1;459;736;110;0;9
3;111;1;470;772;105;128;13
3;112;1;33;16;101;0;2
3;112;1;5;5;110;0;13
3;112;1;13;5;110;0;13
3;112;1;21;5;110;0;13
3;112;1;48;5;110;0;13
3;112;1;33;2;110;0;13
3;113;1;20;9;101;0;2
3;113;1;4;9;101;0;2
3;113;1;12;9;101;0;2
3;114;1;16;10;101;0;2
3;115;1;517;846;105;128;12
3;116;1;4;8;101;0;2
3;117;1;646;812;109;0;4
3;117;1;646;813;109;0;4
3;117;1;663;834;105;128;13
3;117;1;706;818;105;128;13
3;117;1;706;813;111;0;2
3;117;1;710;810;105;128;13
3;117;1;701;805;105;128;13
3;117;1;712;805;105;128;13
3;118;1;10;7;98;0;8
3;118;1;1;7;99;0;4
3;119;1;4;8;101;0;2
3;120;1;8;2;110;0;13
3;120;1;8;11;101;0;2
3;121;1;6;8;101;0;2
3;122;1;6;8;101;0;2
3;123;1;6;8;101;0;2
3;124;1;718;645;110;0;5
3;124;1;719;645;110;0;9
3;124;1;713;670;109;0;4
3;124;1;713;670;109;0;4
3;124;1;713;670;109;0;4
3;125;1;5;2;110;0;13
3;125;1;5;12;101;0;2
3;126;1;671;598;108;0;8
3;126;1;671;599;108;0;8
3;127;1;375;403;108;0;8
3;127;1;303;398;105;128;13
3;128;1;4;8;101;0;2
3;129;1;293;311;105;128;13
3;129;1;316;285;105;128;13
3;130;1;4;8;101;0;2
3;131;1;4;8;101;0;2
3;132;1;70;754;109;0;4
3;132;1;70;755;109;0;4
3;132;1;121;758;108;0;8
3;132;1;121;759;108;0;8
3;133;1;1;7;99;0;4
3;133;1;10;7;98;0;8
3;134;1;1;7;99;0;4
3;134;1;10;7;98;0;8
3;136;1;261;900;105;128;13
3;136;1;306;909;110;0;5
3;136;1;307;909;110;0;9
3;137;1;7;19;101;0;2
3;137;1;7;7;96;0;12
3;138;1;4;8;101;0;2
3;139;1;825;790;108;0;8
3;139;1;825;791;108;0;8
3;139;1;801;784;105;128;13
3;139;1;795;784;105;128;13
3;140;1;4;8;101;0;2
3;141;1;4;8;101;0;2
3;142;1;1;7;99;0;4
3;142;1;10;7;98;0;8
3;143;1;878;560;109;0;4
3;144;1;630;413;111;0;2
3;144;1;631;413;111;0;2
3;144;1;617;368;105;128;12
3;147;1;740;302;105;128;13
3;150;1;774;331;109;0;4
3;150;1;774;330;109;0;4
3;150;1;789;356;105;128;13
3;150;1;775;386;105;128;13
3;150;1;785;340;110;0;13
3;150;1;785;340;110;0;13
3;155;1;105;875;105;128;13
3;155;1;116;885;105;128;13
3;155;1;116;875;105;128;13
3;155;1;106;885;105;128;13
3;156;1;6;10;101;0;2
3;156;1;2;3;94;0;9
3;157;1;3;4;95;0;5
3;158;1;6;10;101;0;2
3;158;1;10;3;95;0;5
3;159;1;8;4;94;0;9
3;160;1;4;8;101;0;2
3;161;1;4;8;101;0;2
3;162;1;187;842;105;128;13
3;162;1;177;842;105;128;13
3;162;1;168;842;105;128;13
3;162;1;176;854;105;128;13
3;162;1;167;854;105;128;13
3;163;1;3;11;101;0;2
3;164;1;8;12;101;0;2
3;164;1;2;10;106;0;7
3;164;1;14;10;106;0;11
3;165;1;2;10;106;0;7
3;165;1;8;2;110;0;13
3;166;1;7;15;101;0;2
3;167;1;6;10;101;0;2
3;167;1;9;3;95;0;5
3;168;1;6;3;94;0;9
3;169;1;4;8;101;0;2
3;170;1;184;657;105;128;13
3;170;1;176;666;105;128;13
3;170;1;180;651;110;0;13
3;170;1;184;666;105;128;13
3;170;1;171;654;105;128;13
3;170;1;180;612;111;0;6
3;170;1;181;612;111;0;10
3;170;1;162;641;110;0;5
3;170;1;163;641;110;0;9
3;171;1;3;11;101;0;2
3;172;1;8;12;101;0;2
3;172;1;2;10;106;0;7
3;172;1;14;10;106;0;11
3;173;1;2;10;106;0;7
3;173;1;8;2;110;0;13
3;174;1;8;11;101;0;2
3;175;1;4;8;101;0;2
3;176;1;4;8;101;0;2
3;177;1;553;645;105;128;13
3;177;1;579;648;105;128;13
3;177;1;571;656;105;128;13
3;177;1;565;646;105;128;13
3;177;1;581;656;105;128;13
3;177;1;566;656;105;128;13
3;177;1;571;665;105;128;13
3;177;1;597;652;110;0;13
3;177;1;595;655;110;0;13
3;178;1;3;11;101;0;2
3;179;1;8;12;101;0;2
3;179;1;2;10;106;0;7
3;179;1;14;10;106;0;11
3;180;1;2;10;106;0;7
3;180;1;8;2;110;0;13
3;181;1;9;11;101;0;2
3;182;1;4;8;101;0;2
3;183;1;4;8;101;0;2
3;184;1;4;8;101;0;2
3;185;1;4;8;101;0;2
3;186;1;463;515;105;128;13
3;186;1;450;515;105;128;13
3;186;1;473;515;105;128;13
3;186;1;454;538;105;128;13
3;186;1;463;521;110;0;13
3;186;1;472;538;105;128;13
3;187;1;8;12;101;0;2
3;187;1;2;10;106;0;7
3;187;1;14;10;106;0;11
3;188;1;2;10;106;0;7
3;188;1;8;2;110;0;13
3;189;1;5;8;101;0;2
3;190;1;4;8;101;0;2
3;191;1;4;8;101;0;2
3;192;1;4;8;101;0;2
3;193;1;10;20;111;0;2
3;194;1;652;338;105;128;13
3;194;1;655;348;105;128;13
3;194;1;656;325;105;128;13
3;194;1;659;338;105;128;13
3;194;1;663;338;105;128;13
3;195;1;3;11;101;0;2
3;196;1;8;12;101;0;2
3;196;1;2;10;106;0;7
3;196;1;14;10;106;0;11
3;197;1;2;10;106;0;7
3;197;1;8;2;110;0;13
3;198;1;7;11;101;0;2
3;199;1;4;8;101;0;2
3;200;1;4;8;101;0;2
3;201;1;822;469;105;128;13
3;201;1;810;455;105;128;13
3;201;1;824;453;110;0;13
3;201;1;802;472;105;128;13
3;202;1;3;11;101;0;2
3;203;1;8;12;101;0;2
3;203;1;2;10;106;0;7
3;203;1;14;10;106;0;11
3;204;1;2;10;106;0;7
3;204;1;8;2;110;0;13
3;205;1;15;15;101;0;2
3;205;1;5;2;105;128;13
3;206;1;5;2;105;128;13
3;207;1;3;6;101;0;2
3;208;1;11;11;101;0;2
3;209;1;4;8;101;0;2
3;210;1;8;14;103;0;2
3;213;1;739;339;105;128;13
3;213;1;767;330;108;0;8
3;213;1;767;331;108;0;8
3;218;1;14;10;106;0;11
3;219;1;14;10;106;0;11
3;220;1;14;10;106;0;11
3;221;1;14;10;106;0;11
3;222;1;14;10;106;0;11
3;223;1;14;10;106;0;11
3;224;1;14;10;106;0;11
3;225;1;14;10;106;0;11
3;226;1;14;10;106;0;11
3;227;1;14;10;106;0;11
3;228;1;14;10;106;0;11
3;229;1;14;10;106;0;11
3;230;1;14;10;106;0;11
3;231;1;14;10;106;0;11
3;232;1;14;10;106;0;11
3;233;1;14;10;106;0;11
3;234;1;14;10;106;0;11
3;235;1;4;8;101;0;2
3;236;1;5;8;101;0;2
3;238;1;8;13;101;0;2
3;239;1;2;10;106;0;7
3;239;1;8;2;110;0;13
3;240;1;14;10;106;0;11
3;241;1;1;11;103;0;4
3;241;1;36;2;110;0;13
3;242;1;4;8;101;0;2
3;243;1;4;8;101;0;2
3;244;1;4;8;101;0;2
3;245;1;1;7;99;0;4
3;245;1;10;7;98;0;8
3;246;1;4;8;101;0;2
3;247;1;4;8;101;0;2
3;253;1;68;118;111;0;6
3;253;1;69;118;111;0;10
3;254;1;31;53;111;0;2
3;0;2;60;7;108;0;8
3;1;2;92;7;108;0;8
3;1;2;2;7;109;0;4
3;2;2;4;8;101;0;2
3;3;2;2;3;95;0;4
3;4;2;3;6;101;0;2
3;5;2;8;3;94;0;9
3;6;2;11;1;110;0;13
3;6;2;20;11;108;0;8
3;6;2;11;20;111;0;2
3;6;2;2;11;109;0;4
3;7;2;11;1;110;0;13
3;7;2;20;11;108;0;8
3;7;2;11;20;111;0;2
3;7;2;2;11;109;0;4
3;8;2;11;1;110;0;13
3;8;2;20;11;108;0;8
3;8;2;11;20;111;0;2
3;8;2;2;11;109;0;4
3;9;2;11;1;110;0;13
3;9;2;20;11;108;0;8
3;9;2;11;20;111;0;2
3;9;2;2;11;109;0;4
3;10;2;11;1;110;0;13
3;10;2;20;11;108;0;8
3;10;2;11;20;111;0;2
3;10;2;2;11;109;0;4
3;11;2;11;1;110;0;13
3;11;2;20;11;108;0;8
3;11;2;11;20;111;0;2
3;11;2;2;11;109;0;4
3;12;2;11;1;110;0;13
3;12;2;20;11;108;0;8
3;12;2;11;20;111;0;2
3;12;2;2;11;109;0;4
3;13;2;11;1;110;0;13
3;13;2;20;11;108;0;8
3;13;2;11;20;111;0;2
3;13;2;2;11;109;0;4
3;14;2;11;1;110;0;13
3;14;2;20;11;108;0;8
3;14;2;11;20;111;0;2
3;14;2;2;11;109;0;4
3;15;2;11;1;110;0;13
3;15;2;20;11;108;0;8
3;15;2;11;20;111;0;2
3;15;2;2;11;109;0;4
3;16;2;11;1;110;0;13
3;16;2;20;11;108;0;8
3;16;2;11;20;111;0;2
3;16;2;2;11;109;0;4
3;17;2;11;1;110;0;13
3;17;2;20;11;108;0;8
3;17;2;11;20;111;0;2
3;17;2;2;11;109;0;4
3;18;2;11;1;110;0;13
3;18;2;20;11;108;0;8
3;18;2;11;20;111;0;2
3;18;2;2;11;109;0;4
3;19;2;11;1;110;0;13
3;19;2;20;11;108;0;8
3;19;2;11;20;111;0;2
3;19;2;2;11;109;0;4
3;20;2;11;1;110;0;13
3;20;2;20;11;108;0;8
3;20;2;11;20;111;0;2
3;20;2;2;11;109;0;4
3;46;2;29;14;101;0;2
3;47;2;48;17;105;128;13
3;47;2;49;17;105;128;13
3;47;2;77;34;108;0;9
3;47;2;77;35;108;0;10
3;47;2;19;34;109;0;5
3;47;2;19;35;109;0;6
3;47;2;33;62;109;0;5
3;47;2;33;63;109;0;6
3;47;2;64;62;108;0;9
3;47;2;64;63;108;0;10
3;47;2;48;52;101;0;6
3;47;2;49;52;101;0;10
3;47;2;73;34;0;0;1
3;47;2;23;34;0;0;1
3;47;2;60;62;0;0;0
3;47;2;36;62;0;0;1
3;48;2;7;2;110;0;1
3;48;2;6;2;110;0;5
3;48;2;8;2;110;0;9
3;48;2;7;20;101;0;2
3;48;2;6;20;101;0;2
3;48;2;8;20;101;0;2
3;50;2;1;7;99;0;4
3;50;2;1;6;99;0;4
3;50;2;1;8;99;0;4
3;51;2;25;9;98;0;8
3;51;2;25;8;98;0;8
3;51;2;25;10;98;0;8
3;52;2;21;9;98;0;8
3;52;2;21;8;98;0;8
3;52;2;21;10;98;0;8
3;53;2;1;6;99;0;4
3;53;2;1;5;99;0;4
3;53;2;1;7;99;0;4
3;54;2;11;8;107;0;7
3;54;2;14;2;105;128;13
3;55;2;16;5;103;0;0
3;55;2;16;15;103;0;0
3;56;2;13;4;103;0;0
3;56;2;13;14;103;0;0
3;57;2;24;6;103;0;5
3;57;2;1;12;103;0;5
3;57;2;17;3;103;0;5
3;59;2;7;11;101;0;2
3;61;2;31;53;0;128;15
3;72;2;31;53;111;0;2
3;73;2;31;53;111;0;2
3;75;2;7;12;111;0;2
3;76;2;7;12;111;0;2
3;77;2;7;12;111;0;2
3;78;2;7;12;111;0;2
3;79;2;7;12;111;0;2
3;80;2;7;12;111;0;2
4;2;0;8;14;103;0;2
4;6;0;9;9;109;0;4
4;6;0;9;10;109;0;4
4;6;0;37;16;110;0;13
4;7;0;15;26;101;6;2
4;7;0;22;16;62;0;0
4;9;0;1036;288;110;0;5
4;9;0;1037;288;110;0;9
4;10;0;1034;192;110;0;5
4;10;0;1035;192;110;0;9
4;10;0;1050;192;110;0;5
4;10;0;1051;192;110;0;9
4;11;0;1172;102;110;0;13
4;11;0;1167;106;105;128;13
4;12;0;1195;112;110;0;13
4;13;0;1300;189;111;0;2
4;13;0;1301;189;111;0;2
4;13;0;1306;185;110;0;13
4;13;0;1297;171;105;128;13
4;14;0;1300;261;6;128;15
4;14;0;1301;261;6;128;7
4;14;0;1309;265;59;128;12
4;15;0;1273;240;108;6;8
4;15;0;1273;241;108;6;8
4;16;0;1344;240;109;6;4
4;16;0;1344;241;109;6;4
4;18;0;1419;163;0;128;15
4;18;0;1423;184;0;128;15
4;18;0;1426;163;0;128;5
4;19;0;1401;305;108;6;8
4;19;0;1401;306;108;6;8
4;19;0;1354;302;110;4;13
4;20;0;1408;305;21;0;12
4;20;0;1408;306;21;0;12
4;20;0;1429;318;0;0;0
4;23;0;1248;422;109;6;0
4;23;0;1248;423;109;6;0
4;24;0;1151;276;108;6;8
4;24;0;1151;277;108;6;8
4;26;0;1155;426;0;0;1
4;26;0;1155;427;0;0;0
4;26;0;1162;426;0;0;1
4;26;0;1162;427;0;0;0
4;27;0;936;266;109;6;5
4;27;0;936;267;109;6;6
4;29;0;1407;38;0;128;13
4;30;0;923;345;105;128;13
4;30;0;907;365;105;128;13
4;30;0;909;296;105;128;13
4;30;0;910;296;105;128;13
4;31;0;740;396;0;128;15
4;31;0;755;394;0;128;15
4;31;0;751;400;6;128;15
4;32;0;887;266;0;128;15
4;32;0;887;267;0;128;7
4;32;0;851;263;105;128;13
4;33;0;626;389;110;6;5
4;33;0;627;389;110;6;9
4;34;0;568;294;105;128;13
4;34;0;555;355;0;0;4
4;35;0;518;269;16;0;0
4;35;0;518;270;0;4;0
4;35;0;565;269;0;128;13
4;36;0;454;293;109;6;4
4;36;0;454;294;109;6;4
4;36;0;462;430;110;0;13
4;36;0;468;418;105;128;13
4;37;0;467;461;110;4;13
4;38;0;372;449;6;128;15
4;38;0;373;449;6;128;15
4;38;0;368;410;0;128;15
4;39;0;358;316;0;128;11
4;39;0;359;316;0;128;15
4;39;0;362;266;110;6;5
4;39;0;363;266;110;6;9
4;40;0;374;238;109;6;4
4;40;0;374;237;109;6;4
4;40;0;430;252;111;0;2
4;40;0;431;252;111;0;2
4;40;0;447;246;108;6;0
4;40;0;447;247;108;6;0
4;42;0;351;166;108;6;8
4;42;0;351;167;108;6;8
4;43;0;265;164;105;128;13
4;43;0;260;164;110;4;13
4;44;0;422;175;0;128;15
4;44;0;422;176;0;128;15
4;44;0;436;171;0;128;8
4;44;0;464;175;16;0;0
4;44;0;466;164;0;128;15
4;44;0;493;171;16;0;0
4;45;0;524;156;0;128;15
4;45;0;525;156;0;128;15
4;45;0;537;143;6;128;5
4;45;0;538;143;0;4;4
4;45;0;537;134;6;128;15
4;45;0;538;134;6;128;15
4;46;0;633;169;110;0;13
4;47;0;650;198;0;128;13
4;48;0;626;380;111;0;2
4;48;0;627;380;111;0;2
4;48;0;628;329;110;0;13
4;49;0;1033;363;0;4;8
4;49;0;1044;363;6;128;11
4;49;0;1045;373;6;128;15
4;50;0;1045;239;105;128;13
4;50;0;1034;244;105;128;13
4;50;0;1036;253;110;4;13
4;50;0;1042;253;105;128;12
4;50;0;1032;262;105;128;13
4;50;0;1036;280;111;4;2
4;50;0;1037;280;111;4;2
4;51;0;1048;78;0;4;8
4;51;0;1068;87;105;128;13
4;51;0;1047;92;0;128;13
4;51;0;1060;97;105;128;12
4;51;0;1048;106;105;128;13
4;51;0;1037;111;105;128;13
4;52;0;1305;116;0;128;15
4;52;0;1319;123;0;6;0
4;52;0;1304;131;0;4;1
4;52;0;1309;131;0;128;9
4;52;0;1318;134;105;128;13
4;52;0;1308;144;0;6;0
4;52;0;1298;144;0;6;0
4;52;0;1290;107;21;0;2
4;53;0;1418;234;105;128;13
4;53;0;1419;242;105;128;13
4;53;0;1414;249;105;128;13
4;53;0;1419;249;110;0;13
4;53;0;1412;234;105;128;12
4;53;0;1431;246;105;128;13
4;53;0;1429;234;105;128;13
4;54;0;1292;294;0;0;2
4;54;0;1297;294;0;6;8
4;54;0;1293;309;0;128;7
4;54;0;1301;309;0;6;3
4;54;0;1310;309;21;0;0
4;54;0;1310;318;21;0;4
4;54;0;1295;319;0;6;0
4;54;0;1309;340;21;0;4
4;55;0;1201;237;6;128;15
4;55;0;1218;237;105;128;13
4;55;0;1231;237;105;128;13
4;55;0;1218;249;105;128;13
4;55;0;1223;249;105;128;13
4;55;0;1201;266;6;128;15
4;55;0;1225;261;105;128;13
4;56;0;1241;422;0;0;0
4;56;0;1241;423;0;0;0
4;56;0;1203;445;111;4;2
4;56;0;1204;445;111;4;2
4;56;0;1197;416;105;128;12
4;56;0;1214;403;110;6;5
4;56;0;1215;403;110;6;9
4;56;0;1195;439;105;128;13
4;56;0;1200;439;105;128;13
4;56;0;1209;439;105;128;13
4;56;0;1222;435;6;128;15
4;57;0;1039;502;0;128;15
4;58;0;912;218;111;4;2
4;58;0;912;200;105;128;13
4;59;0;1300;253;111;6;2
4;59;0;1301;253;111;6;2
4;59;0;1337;240;108;6;8
4;59;0;1337;241;108;6;8
4;59;0;1300;197;110;6;5
4;59;0;1301;197;110;6;9
4;59;0;1290;208;105;128;13
4;59;0;1297;218;105;128;13
4;59;0;1308;229;105;128;13
4;59;0;1309;229;105;128;13
4;59;0;1321;204;110;6;13
4;59;0;1328;204;105;128;13
4;59;0;1318;218;105;128;13
4;59;0;1294;242;105;128;13
4;59;0;1323;242;105;128;13
4;59;0;1280;240;109;6;4
4;59;0;1280;241;109;6;4
4;60;0;684;393;6;128;15
4;60;0;695;396;0;0;0
4;60;0;679;405;6;128;14
4;60;0;690;407;0;0;5
4;60;0;688;392;6;128;15
4;61;0;4;14;101;0;2
4;62;0;12;6;98;0;8
4;63;0;3;10;101;0;2
4;63;0;3;3;95;0;5
4;64;0;3;4;95;0;5
4;65;0;4;8;101;0;2
4;66;0;3;10;101;0;2
4;66;0;3;3;95;0;5
4;67;0;564;391;0;128;13
4;67;0;555;391;0;0;0
4;67;0;547;399;0;0;0
4;67;0;558;401;0;0;0
4;67;0;567;405;0;0;0
4;68;0;4;11;101;0;2
4;69;0;8;19;101;0;2
4;69;0;14;17;106;6;11
4;70;0;4;8;101;0;2
4;71;0;4;8;101;0;2
4;72;0;4;8;101;0;2
4;73;0;511;269;108;6;0
4;73;0;511;270;108;6;0
4;73;0;479;257;105;128;13
4;73;0;454;246;16;0;4
4;73;0;454;247;16;0;4
4;73;0;487;228;6;128;15
4;73;0;495;257;105;128;13
4;73;0;497;271;105;128;13
4;73;0;459;254;6;128;15
4;73;0;484;277;105;128;13
4;73;0;469;257;105;128;13
4;74;0;392;462;109;6;5
4;74;0;392;463;109;6;4
4;74;0;405;471;105;128;13
4;74;0;410;460;105;128;13
4;74;0;419;468;105;128;13
4;74;0;419;457;105;128;13
4;74;0;399;454;105;128;13
4;74;0;433;454;62;6;12
4;75;0;172;357;0;128;15
4;75;0;187;369;0;128;15
4;75;0;179;370;0;4;0
4;75;0;170;367;0;128;15
4;75;0;181;362;33;5;0
4;75;0;181;354;0;128;15
4;75;0;171;347;21;0;4
4;75;0;167;335;21;0;8
4;76;0;358;325;110;6;5
4;76;0;359;325;110;6;9
4;76;0;366;334;105;128;13
4;76;0;370;374;105;128;13
4;76;0;371;332;105;128;13
4;76;0;352;368;105;128;13
4;76;0;351;360;0;128;15
4;76;0;342;349;0;6;13
4;76;0;365;368;105;128;13
4;76;0;348;349;0;128;14
4;76;0;347;334;21;0;0
4;76;0;347;374;0;128;13
4;76;0;341;366;0;128;15
4;76;0;373;362;105;128;13
4;76;0;376;335;105;128;13
4;76;0;352;334;110;6;9
4;76;0;316;348;21;0;0
4;77;0;269;238;105;128;13
4;77;0;272;257;0;128;13
4;77;0;285;257;0;128;13
4;77;0;301;263;0;128;15
4;77;0;273;247;105;128;13
4;77;0;265;257;0;128;15
4;77;0;287;241;105;128;13
4;77;0;292;241;0;128;13
4;77;0;279;276;21;0;2
4;78;0;376;149;0;128;9
4;78;0;375;173;105;128;13
4;78;0;392;153;0;128;15
4;78;0;386;183;0;128;15
4;78;0;397;173;0;128;13
4;78;0;397;183;0;128;15
4;78;0;406;173;0;128;15
4;78;0;376;183;105;128;13
4;78;0;358;166;109;6;4
4;78;0;358;167;109;6;4
4;78;0;415;175;0;6;1
4;78;0;415;176;108;6;0
4;79;0;4;11;101;0;2
4;80;0;16;53;101;0;2
4;81;0;8;19;101;0;2
4;81;0;7;2;110;6;13
4;81;0;14;17;106;6;11
4;83;0;9;11;101;0;2
4;83;0;15;3;94;0;9
4;84;0;4;8;101;0;2
4;85;0;4;8;101;0;2
4;86;0;7;17;101;0;2
4;87;0;524;165;110;6;5
4;87;0;525;165;110;6;9
4;87;0;523;183;105;128;13
4;87;0;534;183;105;128;13
4;87;0;537;174;105;128;13
4;87;0;528;174;105;128;13
4;88;0;497;42;105;128;13
4;88;0;536;89;105;128;13
4;89;0;697;144;0;128;15
4;89;0;668;151;0;4;0
4;89;0;672;132;0;128;15
4;89;0;660;165;59;128;4
4;89;0;684;168;59;128;12
4;89;0;667;176;0;0;0
4;89;0;674;176;0;128;15
4;89;0;658;176;0;128;9
4;90;0;811;260;0;128;15
4;90;0;820;265;0;0;10
4;91;0;1203;453;0;128;15
4;91;0;1204;453;0;128;15
4;92;0;1127;501;0;128;9
4;92;0;1113;495;0;128;15
4;94;0;237;266;0;0;4
4;94;0;238;266;0;0;8
4;95;0;208;341;0;128;15
4;95;0;211;370;0;128;15
4;95;0;237;340;0;128;15
4;95;0;241;372;0;128;11
4;96;0;40;86;0;0;12
4;96;0;41;86;0;128;3
4;96;0;75;39;108;6;8
4;96;0;75;40;108;6;8
4;96;0;33;15;0;4;3
4;96;0;34;15;0;4;3
4;96;0;35;15;0;4;9
4;97;0;1;7;99;6;4
4;97;0;10;7;98;6;8
4;98;0;10;7;98;6;8
4;98;0;1;7;99;6;4
4;99;0;27;43;8;10;0
4;99;0;4;25;95;10;4
4;99;0;27;93;0;128;11
4;99;0;6;92;8;10;0
4;99;0;5;3;94;10;8
4;99;0;27;3;94;10;8
4;99;0;4;4;111;10;2
4;99;0;26;6;111;10;2
4;100;0;10;7;98;6;8
4;100;0;1;7;99;6;4
4;101;0;5;12;101;6;2
4;101;0;5;2;110;6;13
4;102;0;25;11;101;0;2
4;102;0;25;2;110;0;13
4;102;0;4;2;110;0;13
4;103;0;5;2;110;6;13
4;103;0;5;12;101;6;2
4;104;0;1;7;99;6;4
4;104;0;10;7;98;6;8
4;106;0;4;6;111;6;2
4;106;0;4;4;62;6;0
4;106;0;34;86;60;6;1
4;106;0;34;85;61;6;2
4;106;0;10;38;8;6;4
4;106;0;10;37;8;6;4
4;106;0;43;6;62;6;0
4;106;0;37;10;111;6;2
4;107;0;4;4;111;10;2
4;107;0;22;23;111;10;2
4;107;0;17;4;60;0;1
4;107;0;22;16;60;0;1
4;107;0;22;15;61;0;2
4;107;0;17;3;61;0;2
4;108;0;23;36;111;10;2
4;108;0;46;10;111;10;2
4;108;0;8;34;62;10;0
4;108;0;10;18;8;10;0
4;108;0;8;7;8;10;4
4;108;0;37;17;62;10;0
4;109;0;24;52;0;128;14
4;109;0;25;52;0;128;14
4;110;0;15;28;0;0;9
4;110;0;10;15;8;0;2
4;110;0;24;9;8;0;1
4;110;0;6;16;0;128;15
4;110;0;6;15;0;128;15
4;110;0;10;14;8;0;0
4;110;0;24;8;0;128;13
4;111;0;15;26;8;0;10
4;111;0;9;8;0;128;6
4;111;0;9;7;8;0;6
4;112;0;2;14;101;6;2
4;112;0;23;5;94;6;9
4;113;0;430;261;6;128;15
4;113;0;431;261;6;128;15
4;113;0;447;293;0;0;8
4;113;0;447;294;0;0;12
4;113;0;436;266;6;128;15
4;113;0;436;309;56;128;7
4;113;0;425;309;0;128;15
4;113;0;425;289;0;128;15
4;113;0;430;284;0;128;0
4;113;0;431;284;0;0;12
4;113;0;441;285;0;128;15
4;113;0;430;284;0;128;0
4;113;0;431;284;0;0;12
4;113;0;430;284;0;128;0
4;113;0;431;284;0;0;12
4;113;0;419;308;0;0;8
4;113;0;419;289;29;10;0
4;114;0;17;5;60;10;1
4;114;0;11;6;110;10;13
4;115;0;8;17;101;0;2
4;115;0;8;4;105;128;13
4;115;0;2;3;94;0;9
4;116;0;5;9;101;0;2
4;116;0;6;3;94;0;9
4;117;0;15;80;108;6;8
4;117;0;15;81;108;6;8
4;117;0;12;18;0;128;13
4;117;0;13;18;0;128;5
4;117;0;13;17;0;128;15
4;117;0;12;17;0;128;15
4;118;0;5;9;101;0;2
4;118;0;5;30;101;0;2
4;118;0;8;3;94;6;11
4;118;0;8;24;94;6;11
4;118;0;25;9;101;0;2
4;118;0;25;3;95;6;5
4;118;0;8;4;94;6;11
4;118;0;8;5;94;6;9
4;118;0;8;25;94;6;11
4;118;0;8;26;94;6;9
4;119;0;20;46;0;128;15
4;119;0;45;50;0;128;15
4;119;0;59;53;0;128;15
4;119;0;70;46;111;10;2
4;119;0;34;31;0;128;13
4;119;0;56;31;21;0;0
4;119;0;81;31;8;10;0
4;119;0;26;14;0;0;0
4;119;0;69;15;0;0;0
4;119;0;45;2;0;128;15
4;119;0;45;44;0;128;15
4;120;0;11;58;111;0;2
4;120;0;55;40;111;0;2
4;120;0;55;7;62;0;0
4;120;0;55;20;62;0;0
4;121;0;37;25;111;10;2
4;121;0;51;22;62;10;0
4;121;0;56;9;62;10;0
4;121;0;11;20;111;10;2
4;121;0;8;16;62;10;0
4;121;0;8;54;0;128;14
4;121;0;6;49;0;128;11
4;121;0;27;49;0;0;4
4;121;0;52;49;8;10;0
4;121;0;52;59;21;0;0
4;122;0;40;61;8;10;0
4;122;0;15;12;0;128;15
4;122;0;34;47;8;10;4
4;122;0;51;46;0;128;15
4;122;0;53;41;0;128;15
4;122;0;55;24;108;10;12
4;122;0;32;9;110;10;13
4;123;0;6;57;0;128;15
4;123;0;60;4;0;128;11
4;124;0;46;59;111;6;2
4;124;0;19;7;8;6;0
4;124;0;19;6;8;6;0
4;125;0;6;9;111;10;2
4;125;0;6;5;62;10;0
4;126;0;30;22;21;0;0
4;126;0;45;20;0;128;15
4;126;0;27;11;0;128;11
4;127;0;4;8;101;0;2
4;131;0;14;10;106;6;11
4;132;0;1;7;99;6;4
4;132;0;10;7;98;6;8
4;133;0;4;8;101;0;2
4;134;0;5;12;101;6;2
4;134;0;5;2;110;6;13
4;135;0;15;28;101;0;2
4;136;0;7;11;101;0;2
4;136;0;7;3;110;6;13
4;137;0;6;25;101;0;2
4;138;0;6;27;101;0;2
4;139;0;13;19;0;0;0
4;140;0;5;19;101;0;2
4;141;0;13;87;0;6;0
4;142;0;5;12;101;6;2
4;142;0;5;2;110;6;13
4;143;0;4;9;101;0;2
4;144;0;14;10;106;6;11
4;145;0;49;42;8;6;2
4;145;0;55;11;0;128;11
4;145;0;55;22;0;128;11
4;145;0;45;25;21;0;8
4;145;0;34;31;8;6;0
4;145;0;9;11;8;6;4
4;145;0;14;17;8;6;10
4;145;0;6;19;0;128;15
4;145;0;7;27;0;128;7
4;145;0;55;10;0;128;11
4;145;0;45;24;21;0;8
4;145;0;34;30;8;6;0
4;145;0;9;10;8;6;5
4;145;0;14;16;8;6;8
4;145;0;7;26;0;128;7
4;146;0;55;28;111;10;2
4;146;0;8;12;111;10;2
4;146;0;52;20;95;10;4
4;146;0;11;4;94;10;8
4;146;0;55;24;60;10;1
4;146;0;55;23;61;10;2
4;147;0;32;77;111;0;2
4;147;0;12;15;110;0;5
4;147;0;33;77;111;0;2
4;147;0;13;15;110;0;9
4;147;0;12;16;0;0;0
4;147;0;13;16;0;0;0
4;149;0;10;7;98;6;8
4;149;0;1;7;99;6;4
4;150;0;5;12;101;6;2
4;151;0;149;384;110;0;1
4;151;0;130;385;0;128;14
4;151;0;131;391;0;128;15
4;151;0;130;381;0;128;15
4;151;0;87;389;0;128;15
4;151;0;87;389;0;128;15
4;151;0;87;389;0;128;15
4;153;0;29;43;8;10;0
4;153;0;2;60;21;0;2
4;153;0;27;57;21;0;1
4;153;0;2;3;0;0;2
4;153;0;2;12;8;10;4
4;154;0;2;43;0;128;15
4;154;0;27;15;0;0;0
4;154;0;9;27;0;0;0
4;154;0;20;3;0;0;0
4;154;0;2;19;0;0;0
4;155;0;11;14;8;0;0
4;155;0;24;9;0;128;7
4;155;0;6;16;8;0;6
4;155;0;15;27;0;128;15
4;156;0;15;27;0;128;15
4;157;0;4;11;101;0;2
4;158;0;8;19;101;0;2
4;158;0;14;17;106;6;11
4;159;0;6;11;101;0;2
4;160;0;4;8;101;0;2
4;162;0;4;8;101;0;2
4;163;0;4;9;101;0;2
4;164;0;4;9;101;0;2
4;165;0;4;11;101;0;2
4;166;0;8;19;101;0;2
4;166;0;14;17;106;6;11
4;167;0;14;10;106;6;11
4;168;0;14;10;106;6;11
4;169;0;8;19;101;0;2
4;169;0;14;17;106;6;11
4;170;0;14;10;106;6;11
4;171;0;5;2;110;6;13
4;171;0;5;12;101;6;2
4;172;0;10;7;98;6;8
4;172;0;1;7;99;6;4
4;173;0;4;15;101;0;2
4;173;0;5;2;110;6;13
4;173;0;19;2;110;6;13
4;174;0;88;293;105;128;13
4;174;0;89;293;105;128;13
4;174;0;82;302;105;128;13
4;176;0;5;26;21;0;5
4;176;0;26;4;0;128;15
4;176;0;55;56;111;10;2
4;177;0;42;27;0;0;0
4;177;0;27;20;0;0;0
4;178;0;7;31;8;6;4
4;178;0;27;45;60;6;1
4;178;0;27;44;61;6;2
4;178;0;51;39;60;6;1
4;178;0;51;38;61;6;2
4;178;0;56;22;60;6;1
4;178;0;56;21;61;6;2
4;178;0;7;18;8;6;0
4;178;0;7;17;8;6;0
4;179;0;38;14;8;6;0
4;179;0;25;45;62;6;0
4;179;0;49;39;62;6;0
4;179;0;54;22;62;6;0
4;179;0;5;19;62;6;0
4;179;0;38;13;110;6;13
4;180;0;9;37;101;0;2
4;181;0;13;20;8;10;3
4;181;0;13;19;0;128;12
4;182;0;6;11;101;0;2
4;183;0;7;16;101;0;2
4;184;0;5;9;101;0;2
4;185;0;8;19;101;0;2
4;185;0;14;17;106;6;11
4;186;0;23;5;94;6;9
4;186;0;3;5;95;6;5
4;187;0;3;5;95;6;5
4;187;0;12;5;94;6;9
4;187;0;19;5;95;6;5
4;188;0;12;5;94;6;9
4;188;0;3;5;95;6;5
4;188;0;19;5;95;6;5
4;188;0;23;5;94;6;9
4;189;0;3;5;95;0;5
4;189;0;13;2;105;128;13
4;189;0;19;5;94;6;9
4;190;0;8;12;105;128;13
4;191;0;12;11;101;0;2
4;191;0;13;7;107;0;11
4;191;0;19;2;105;128;13
4;192;0;18;7;107;0;7
4;192;0;13;7;107;0;11
4;192;0;19;2;105;128;13
4;193;0;18;7;107;0;7
4;193;0;13;7;107;0;11
4;193;0;19;2;105;128;13
4;194;0;18;7;107;0;7
4;194;0;13;7;107;0;11
4;194;0;19;2;105;128;13
4;195;0;18;7;107;0;7
4;195;0;13;7;107;0;11
4;195;0;19;2;105;128;13
4;196;0;18;7;107;0;7
4;196;0;19;2;105;128;13
4;197;0;6;18;101;0;2
4;197;0;3;3;95;0;7
4;197;0;3;4;95;0;5
4;199;0;4;3;95;6;7
4;199;0;4;35;95;6;6
4;199;0;20;4;110;6;13
4;199;0;2;57;101;0;2
4;199;0;25;30;110;6;13
4;199;0;4;4;95;6;7
4;199;0;4;36;95;6;7
4;200;0;25;3;95;6;5
4;200;0;18;6;105;128;13
4;201;0;27;4;94;6;9
4;201;0;26;14;110;6;13
4;202;0;3;18;101;0;2
4;202;0;28;4;94;0;9
4;203;0;4;8;101;0;2
4;204;0;4;8;101;0;2
4;205;0;4;8;101;0;2
4;206;0;5;8;101;0;2
4;207;0;13;18;101;0;2
4;207;0;16;4;103;6;0
4;207;0;20;4;103;6;0
4;214;0;6;10;101;0;2
4;214;0;1;8;99;0;4
4;215;0;7;9;101;0;2
4;215;0;19;7;98;0;8
4;216;0;3;19;95;0;4
4;216;0;6;3;108;0;9
4;217;0;23;16;60;6;1
4;217;0;23;15;61;6;2
4;219;0;14;10;106;6;11
4;220;0;5;3;95;0;5
4;220;0;13;6;60;6;1
4;220;0;13;5;61;6;2
4;221;0;8;12;0;0;0
4;222;0;13;7;62;6;0
4;222;0;10;7;60;6;5
4;222;0;10;6;61;6;6
4;222;0;6;7;60;6;9
4;222;0;6;6;61;6;10
4;222;0;8;18;101;6;14
4;223;0;10;7;62;6;4
4;223;0;6;7;62;6;8
4;223;0;3;5;60;6;5
4;223;0;3;4;61;134;7
4;224;0;4;5;62;6;0
4;224;0;10;10;60;6;5
4;224;0;10;9;61;6;6
4;225;0;9;10;62;6;8
4;225;0;8;4;105;128;13
4;226;0;8;19;101;0;2
4;226;0;14;17;106;6;11
4;227;0;4;11;101;0;2
4;228;0;4;8;101;0;2
4;229;0;4;8;101;0;2
4;230;0;4;8;101;0;2
4;231;0;5;10;101;0;2
4;232;0;4;8;101;0;2
4;233;0;5;9;101;0;2
4;234;0;4;8;101;0;2
4;235;0;4;8;101;0;2
4;236;0;8;19;101;0;2
4;236;0;14;17;106;6;11
4;237;0;6;21;60;0;1
4;237;0;6;20;61;0;2
4;237;0;25;8;62;0;0
4;237;0;27;40;62;0;0
4;237;0;6;42;60;0;1
4;237;0;6;41;61;0;3
4;238;0;26;11;60;0;1
4;238;0;26;10;61;0;2
4;238;0;16;17;62;0;0
4;238;0;50;5;62;0;0
4;238;0;43;22;60;0;1
4;238;0;43;21;61;0;2
4;239;0;5;11;60;0;1
4;239;0;5;10;61;0;2
4;239;0;24;12;60;0;1
4;239;0;24;11;61;0;2
4;240;0;7;2;0;0;8
4;240;0;7;11;0;0;8
4;240;0;1;7;0;0;0
4;241;0;14;10;106;6;11
4;242;0;23;11;60;10;1
4;242;0;23;10;61;10;2
4;242;0;29;54;60;10;1
4;242;0;29;53;61;10;2
4;242;0;31;49;62;10;0
4;242;0;64;16;60;10;9
4;242;0;64;15;61;10;10
4;242;0;73;8;60;10;1
4;242;0;73;7;61;10;2
4;242;0;46;54;60;10;1
4;242;0;46;53;61;10;2
4;242;0;54;43;62;10;0
4;242;0;66;51;60;10;1
4;242;0;66;50;61;10;2
4;243;0;27;28;8;10;4
4;243;0;27;27;8;10;4
4;243;0;32;14;60;10;1
4;243;0;32;13;61;10;2
4;243;0;31;31;0;10;10
4;243;0;31;43;0;128;11
4;244;0;16;38;8;10;2
4;245;0;5;12;101;6;2
4;245;0;5;2;110;6;13
4;246;0;8;19;101;0;2
4;246;0;14;17;106;6;11
4;247;0;51;4;94;0;9
4;247;0;10;29;95;0;5
4;248;0;10;29;0;128;13
4;248;0;51;29;0;128;7
4;248;0;10;10;0;128;13
4;248;0;10;4;0;7;1
4;248;0;51;4;0;128;7
4;249;0;51;29;94;0;9
4;249;0;10;10;95;0;5
4;249;0;10;4;95;0;5
4;249;0;51;4;94;0;9
4;250;0;35;81;111;0;2
4;250;0;57;81;111;0;2
4;250;0;82;81;111;10;2
4;250;0;27;65;60;0;1
4;250;0;27;64;61;0;2
4;250;0;70;66;60;0;1
4;250;0;70;65;61;0;2
4;250;0;35;38;62;10;0
4;250;0;28;13;60;10;1
4;250;0;28;12;61;10;2
4;251;0;27;55;0;128;14
4;251;0;9;16;0;128;11
4;252;0;32;71;8;10;0
4;252;0;21;14;60;10;1
4;252;0;21;13;61;10;2
4;252;0;32;70;8;10;0
4;253;0;28;6;0;0;0
4;253;0;28;5;0;0;0
4;253;0;28;50;0;0;0
4;9;1;15;19;101;0;2
4;9;1;14;19;101;0;2
4;9;1;16;19;101;0;2
4;16;1;48;17;0;0;14
4;16;1;49;17;0;128;10
4;16;1;77;34;0;128;15
4;16;1;77;35;0;128;15
4;16;1;19;34;0;128;15
4;16;1;19;35;0;128;15
4;16;1;33;62;0;128;11
4;16;1;33;63;0;128;11
4;16;1;64;62;0;128;11
4;16;1;64;63;0;128;15
4;16;1;48;52;0;4;1
4;16;1;49;52;0;4;1
4;16;1;73;34;0;128;15
4;16;1;23;34;0;128;15
4;16;1;60;62;0;4;0
4;16;1;36;62;0;128;15
4;17;1;7;2;110;6;1
4;17;1;6;2;110;6;5
4;17;1;8;2;110;6;9
4;17;1;6;20;101;0;2
4;17;1;7;20;101;0;2
4;17;1;8;20;101;0;2
4;19;1;1;7;99;0;7
4;19;1;1;6;99;0;6
4;19;1;1;8;99;0;5
4;20;1;25;9;98;0;11
4;20;1;25;8;98;0;10
4;20;1;25;10;98;0;9
4;21;1;21;9;98;0;11
4;21;1;21;8;98;0;10
4;21;1;21;10;98;0;9
4;22;1;1;6;99;0;7
4;22;1;1;5;99;0;6
4;22;1;1;7;99;6;5
4;23;1;40;22;0;0;0
4;23;1;18;46;0;0;0
4;24;1;42;54;111;0;2
4;24;1;42;22;105;128;13
4;24;1;41;22;105;128;13
4;24;1;43;22;105;128;13
4;25;1;23;23;101;0;2
4;25;1;29;4;107;0;7
4;25;1;16;4;107;0;7
4;26;1;23;14;0;6;2
4;27;1;4;18;0;128;3
4;27;1;3;2;0;0;8
4;28;1;3;2;110;0;13
4;28;1;14;11;107;0;11
4;29;1;3;2;110;0;13
4;29;1;3;12;101;0;2
4;30;1;7;2;110;0;13
4;30;1;3;14;101;0;2
4;31;1;7;14;101;0;2
4;32;1;6;19;0;128;7
4;33;1;4;8;101;0;2
4;34;1;4;8;101;0;2
4;35;1;4;8;101;0;2
4;36;1;4;11;101;0;2
4;37;1;8;19;101;0;2
4;37;1;14;17;106;6;11
4;38;1;4;8;101;0;2
4;39;1;4;8;101;0;2
4;40;1;4;8;101;0;2
4;41;1;7;14;101;0;2
4;42;1;6;10;0;128;15
4;43;1;11;23;101;0;2
4;43;1;11;2;110;0;13
4;43;1;21;8;98;0;8
4;43;1;1;8;99;0;4
4;44;1;11;25;101;6;2
4;44;1;11;7;110;6;13
4;44;1;20;24;106;0;11
4;45;1;6;22;101;6;2
4;45;1;6;2;110;6;1
4;45;1;5;2;110;6;5
4;45;1;7;2;110;6;9
4;46;1;6;22;101;6;2
4;46;1;6;2;110;0;1
4;46;1;5;2;110;0;5
4;46;1;7;2;110;0;9
4;47;1;6;22;101;6;2
4;47;1;6;2;110;6;1
4;47;1;5;2;110;6;5
4;47;1;7;2;110;6;9
4;48;1;6;22;101;6;2
4;48;1;6;2;110;6;1
4;48;1;5;2;110;6;5
4;48;1;7;2;110;6;9
4;49;1;6;28;101;6;2
4;49;1;6;2;110;0;13
4;50;1;6;22;101;6;2
4;51;1;24;19;101;0;2
4;51;1;13;14;101;0;2
4;51;1;19;14;101;0;2
4;51;1;30;14;101;0;2
4;51;1;36;14;0;0;4
4;51;1;13;8;105;128;13
4;51;1;19;8;105;128;13
4;51;1;30;8;105;128;13
4;51;1;36;8;0;0;4
4;51;1;24;3;95;0;5
4;51;1;42;9;0;0;0
4;51;1;49;15;0;128;14
4;51;1;24;19;101;0;2
4;52;1;9;11;101;0;2
4;53;1;9;2;105;128;13
4;53;1;23;2;105;128;13
4;54;1;9;2;105;128;13
4;54;1;23;2;105;128;13
4;55;1;9;11;101;0;2
4;55;1;23;11;101;0;2
4;56;1;6;17;101;6;14
4;56;1;6;2;110;6;13
4;58;1;6;17;101;6;14
4;58;1;6;2;110;6;13
4;59;1;18;24;60;6;1
4;59;1;18;23;61;6;2
4;60;1;6;17;101;6;14
4;60;1;6;2;110;6;13
4;62;1;6;17;101;6;14
4;62;1;6;2;110;6;13
4;65;1;4;12;101;0;2
4;66;1;4;8;101;0;2
4;67;1;6;13;101;6;14
4;67;1;6;7;62;6;0
4;67;1;25;30;101;6;2
4;67;1;25;24;62;6;0
4;68;1;6;17;101;6;14
4;69;1;6;17;101;6;14
4;70;1;6;17;101;6;14
4;71;1;6;17;101;6;14
4;72;1;9;11;101;0;2
4;72;1;23;11;101;0;2
4;73;1;24;3;94;0;9
4;73;1;42;9;0;128;15
4;73;1;42;8;0;128;15
4;74;1;16;15;21;0;0
4;74;1;27;20;21;0;0
4;74;1;11;13;0;128;15
4;75;1;3;12;101;0;2
4;76;1;9;8;8;0;0
4;76;1;15;25;8;0;0
4;76;1;15;24;8;0;0
4;77;1;15;25;0;128;11
4;77;1;24;8;0;128;15
4;77;1;24;7;0;128;15
4;78;1;24;8;8;0;0
4;78;1;6;8;0;128;15
4;78;1;6;7;0;128;15
4;78;1;6;25;0;128;15
4;78;1;6;24;0;128;15
4;78;1;24;25;0;128;13
4;78;1;24;24;0;128;15
4;79;1;6;8;0;128;15
4;79;1;6;25;0;128;15
4;79;1;24;25;0;128;15
4;79;1;13;25;0;128;3
4;79;1;13;24;0;128;3
4;80;1;13;25;0;128;15
4;80;1;6;19;0;128;15
4;80;1;6;18;0;128;15
4;81;1;6;19;8;0;0
4;81;1;15;26;0;128;15
4;81;1;12;16;0;128;15
4;81;1;18;16;0;128;15
4;81;1;9;10;8;0;0
4;82;1;7;12;0;128;15
4;82;1;7;20;0;128;14
4;82;1;16;9;8;0;0
4;82;1;11;18;0;128;13
4;82;1;23;17;0;128;15
4;82;1;24;24;0;128;15
4;83;1;6;12;0;128;15
4;83;1;20;7;0;128;15
4;83;1;18;15;0;128;15
4;83;1;24;15;0;128;15
4;83;1;10;23;0;128;11
4;83;1;14;25;0;128;15
4;83;1;12;17;0;128;15
4;83;1;12;16;0;128;15
4;84;1;15;24;0;128;15
4;85;1;11;17;0;128;15
4;85;1;15;25;0;128;15
4;85;1;15;24;0;128;15
4;86;1;6;7;8;10;0
4;86;1;26;13;0;0;0
4;86;1;6;29;0;0;0
4;86;1;4;5;0;128;7
4;86;1;4;4;0;128;7
4;86;1;4;22;0;0;0
4;86;1;8;5;8;10;12
4;86;1;27;4;0;0;0
4;86;1;27;3;0;0;0
4;101;1;79;100;111;4;2
4;101;1;80;100;111;4;2
4;102;1;8;19;101;0;2
4;102;1;14;17;106;6;11
4;103;1;14;10;106;6;11
4;104;1;4;11;101;0;2
4;105;1;4;8;101;0;2
4;106;1;7;12;101;0;2
4;107;1;4;8;101;0;2
4;108;1;4;8;101;0;2
4;109;1;6;22;0;0;0
4;110;1;5;12;101;6;2
4;110;1;5;2;110;6;13
4;111;1;14;10;106;6;11
4;112;1;14;10;106;6;11
4;113;1;14;10;106;6;11
4;114;1;12;12;101;0;2
4;114;1;6;8;107;0;11
4;114;1;5;2;105;128;13
4;115;1;11;8;107;0;7
4;115;1;6;8;107;0;11
4;115;1;5;2;105;128;13
4;116;1;11;8;107;0;7
4;116;1;6;8;107;0;11
4;116;1;5;2;105;128;13
4;117;1;11;8;107;0;7
4;117;1;6;8;107;0;11
4;117;1;5;2;105;128;13
4;118;1;11;8;107;0;7
4;118;1;6;8;107;0;11
4;118;1;5;2;105;134;13
4;119;1;11;8;107;0;7
4;119;1;5;2;105;128;13
4;120;1;7;13;101;0;2
4;120;1;13;10;95;0;5
4;120;1;3;2;105;128;13
4;121;1;13;9;94;0;8
4;121;1;7;2;105;128;13
4;122;1;3;2;105;128;13
4;123;1;12;7;0;128;3
4;123;1;2;4;0;128;15
4;123;1;6;4;0;128;10
4;124;1;6;11;101;0;2
4;125;1;10;16;101;0;2
4;126;1;4;7;101;0;2
4;127;1;5;11;101;0;2
4;128;1;3;4;95;0;5
4;129;1;4;8;101;0;2
4;130;1;7;2;0;0;8
4;130;1;7;11;0;0;8
4;131;1;12;12;21;0;0
4;131;1;23;17;21;0;0
4;132;1;1413;200;110;0;13
4;133;1;5;12;101;6;2
4;133;1;5;2;110;6;13
4;134;1;1;7;99;6;4
4;134;1;10;7;98;6;8
4;135;1;5;12;101;6;2
4;135;1;5;2;110;6;13
4;136;1;1;7;99;6;4
4;136;1;10;7;98;6;8
4;137;1;8;19;101;0;2
4;137;1;14;17;106;6;11
4;138;1;14;10;106;6;11
4;139;1;7;46;101;0;2
4;140;1;6;15;101;0;2
4;140;1;6;2;105;128;13
4;141;1;4;19;101;0;2
4;141;1;3;2;105;128;13
4;142;1;7;14;101;0;2
4;143;1;4;8;101;0;2
4;144;1;14;20;101;0;2
4;144;1;3;4;95;0;5
4;144;1;3;3;95;0;7
4;146;1;11;14;101;0;2
4;146;1;3;2;105;128;13
4;147;1;7;2;105;128;13
4;148;1;8;11;101;0;2
4;148;1;8;3;95;0;5
4;149;1;5;3;94;6;9
4;151;1;8;19;101;0;2
4;151;1;14;17;106;6;11
4;152;1;14;10;106;6;11
4;153;1;4;11;101;0;2
4;154;1;15;28;101;0;2
4;154;1;18;22;103;6;4
4;154;1;28;25;103;6;0
4;154;1;28;22;103;6;0
4;154;1;28;13;103;6;0
4;154;1;28;16;103;6;0
4;154;1;2;13;103;6;0
4;154;1;2;16;103;6;0
4;154;1;8;7;103;6;0
4;154;1;8;4;103;6;0
4;154;1;17;4;103;6;0
4;154;1;17;7;103;6;0
4;154;1;2;25;103;6;0
4;154;1;2;22;103;6;0
4;154;1;28;7;103;6;0
4;154;1;28;4;103;6;0
4;154;1;22;22;103;6;0
4;154;1;22;25;103;6;0
4;154;1;8;22;103;6;0
4;154;1;8;25;103;6;0
4;154;1;8;16;103;6;0
4;154;1;8;13;103;6;0
4;154;1;13;7;103;6;0
4;154;1;13;4;103;6;0
4;154;1;22;16;103;6;0
4;154;1;22;13;103;6;0
4;154;1;22;4;103;6;0
4;154;1;22;7;103;6;0
4;154;1;2;4;103;6;0
4;154;1;2;7;103;6;0
4;154;1;18;17;103;6;0
4;155;1;14;34;111;0;2
4;155;1;15;34;111;0;2
4;155;1;14;7;110;6;5
4;155;1;15;7;110;6;9
4;155;1;8;14;105;128;13
4;155;1;19;14;105;128;13
4;155;1;4;23;105;128;13
4;156;1;16;5;103;6;0
4;156;1;16;15;103;6;0
4;157;1;13;4;103;6;0
4;157;1;13;14;103;6;0
4;158;1;1028;138;111;0;2
4;158;1;1029;138;111;0;2
4;158;1;1050;183;111;4;2
4;158;1;1051;183;111;4;2
4;158;1;1048;137;110;4;13
4;158;1;1047;155;105;128;13
4;159;1;4;8;101;0;2
4;161;1;4;8;101;0;2
4;162;1;5;2;110;6;13
4;162;1;5;12;101;6;2
4;163;1;5;12;101;6;2
4;163;1;5;2;110;6;13
4;164;1;5;12;101;6;2
4;164;1;5;2;110;6;13
4;165;1;10;7;98;6;8
4;165;1;1;7;99;6;4
4;166;1;1158;276;109;6;4
4;166;1;1158;277;109;6;4
4;166;1;1153;258;105;128;13
4;167;1;1;7;99;6;4
4;167;1;10;7;98;6;8
4;168;1;5;2;110;6;13
4;168;1;5;12;101;6;2
4;169;1;1;7;99;6;4
4;169;1;10;7;98;6;8
4;170;1;4;11;101;0;2
4;171;1;10;25;0;0;0
4;172;1;8;19;101;0;2
4;172;1;14;17;106;6;11
4;173;1;4;8;101;0;2
4;174;1;4;8;101;0;2
4;175;1;4;8;101;0;2
4;176;1;6;11;101;0;2
4;177;1;4;11;101;0;2
4;178;1;8;19;101;0;2
4;178;1;14;17;106;6;11
4;179;1;5;12;101;0;2
4;180;1;4;8;101;0;2
4;181;1;5;8;101;0;2
4;182;1;4;17;101;0;2
4;183;1;3;12;101;0;2
4;184;1;7;11;101;0;2
4;185;1;3;6;101;0;2
4;186;1;3;6;101;0;2
4;187;1;3;6;101;0;2
4;188;1;3;6;101;0;2
4;189;1;3;6;101;0;2
4;190;1;3;6;101;0;2
4;191;1;3;6;101;0;2
4;192;1;5;4;62;0;0
4;192;1;5;6;111;10;2
4;192;1;5;25;111;10;2
4;192;1;5;23;62;0;0
4;192;1;9;7;0;128;15
4;192;1;9;26;0;128;15
4;193;1;28;8;0;4;8
4;193;1;32;20;110;0;9
4;193;1;18;10;0;128;7
4;194;1;10;13;8;6;0
4;194;1;15;19;0;128;3
4;194;1;8;29;0;128;3
4;194;1;56;13;62;6;0
4;194;1;46;27;62;6;0
4;194;1;35;33;62;6;0
4;195;1;7;17;0;128;3
4;195;1;56;20;8;6;2
4;195;1;56;19;8;6;1
4;195;1;7;16;0;128;3
4;196;1;8;34;60;10;1
4;196;1;10;19;8;10;0
4;196;1;8;7;8;10;0
4;196;1;37;18;60;10;1
4;196;1;8;33;61;10;2
4;196;1;10;18;8;10;4
4;196;1;8;6;8;10;0
4;196;1;37;17;61;10;2
4;197;1;45;21;94;0;8
4;197;1;2;8;95;0;4
4;197;1;32;22;62;0;0
4;197;1;13;18;62;0;0
4;197;1;17;9;62;0;0
4;197;1;7;20;62;0;0
4;198;1;34;25;60;0;1
4;198;1;15;21;60;0;1
4;198;1;18;12;60;0;1
4;198;1;9;23;60;0;1
4;198;1;43;12;62;0;0
4;198;1;42;23;62;0;0
4;198;1;23;14;62;0;0
4;198;1;5;24;62;0;0
4;198;1;34;24;61;0;2
4;198;1;18;11;61;0;2
4;198;1;15;20;61;0;2
4;198;1;9;22;61;0;2
4;199;1;43;13;60;0;1
4;199;1;42;25;60;0;1
4;199;1;23;15;60;0;1
4;199;1;4;25;60;0;1
4;199;1;44;22;62;0;0
4;199;1;37;23;62;0;0
4;199;1;32;4;62;0;0
4;199;1;27;13;62;0;0
4;199;1;11;20;62;0;0
4;199;1;5;5;62;0;0
4;199;1;42;24;61;0;2
4;199;1;43;12;61;0;2
4;199;1;23;14;61;0;2
4;199;1;4;24;61;0;2
4;200;1;45;22;21;0;4
4;200;1;38;23;0;0;0
4;200;1;33;4;0;0;0
4;200;1;28;13;21;0;9
4;200;1;12;19;21;0;0
4;200;1;6;5;0;128;15
4;200;1;38;22;0;0;0
4;200;1;33;3;0;0;0
4;200;1;28;12;0;128;8
4;200;1;12;18;21;0;0
4;200;1;6;4;0;128;14
4;200;1;45;21;21;0;4
4;201;1;14;25;62;10;0
4;203;1;24;12;111;1;7
4;203;1;39;19;109;1;4
4;203;1;39;31;109;1;4
4;203;1;39;43;109;1;4
4;203;1;32;51;110;1;13
4;203;1;18;51;110;1;13
4;203;1;14;39;110;1;13
4;204;1;19;20;109;0;4
4;204;1;23;37;109;0;4
4;204;1;27;42;109;0;4
4;205;1;5;8;111;10;2
4;206;1;10;22;111;10;2
4;207;1;20;22;111;10;14
4;207;1;20;1;110;10;13
4;207;1;38;8;108;10;8
4;207;1;38;20;108;10;8
4;207;1;38;32;108;10;8
4;207;1;34;38;111;10;2
4;207;1;20;38;111;10;2
4;208;1;34;18;111;10;2
4;208;1;13;1;110;10;13
4;209;1;30;36;0;128;15
4;210;1;8;19;101;0;2
4;210;1;14;17;106;6;11
4;211;1;7;20;0;0;8
4;213;1;5;9;101;0;2
4;213;1;8;3;94;6;11
4;213;1;8;4;94;6;11
4;213;1;8;5;94;6;9
4;214;1;5;9;101;0;2
4;214;1;8;3;94;6;11
4;214;1;8;4;94;6;11
4;214;1;8;5;94;6;9
4;215;1;10;19;101;0;2
4;216;1;4;8;101;0;2
4;217;1;7;27;101;0;2
4;218;1;4;11;101;0;2
4;219;1;8;19;101;0;2
4;219;1;14;17;106;6;11
4;220;1;14;10;106;6;11
4;221;1;4;8;101;0;2
4;222;1;4;11;101;0;2
4;223;1;7;19;101;0;2
4;224;1;7;25;101;0;2
4;225;1;4;8;101;0;2
4;226;1;8;19;101;0;2
4;226;1;14;17;106;6;11
4;227;1;4;8;101;0;2
4;228;1;14;10;106;6;11
4;229;1;14;10;106;6;11
4;230;1;16;29;0;128;15
4;231;1;40;86;0;0;12
4;231;1;41;86;0;128;3
4;231;1;75;39;108;6;8
4;231;1;75;40;108;6;8
4;231;1;33;15;0;4;3
4;231;1;34;15;0;4;3
4;231;1;35;15;0;4;9
4;233;1;7;20;101;0;2
4;234;1;18;24;60;6;1
4;234;1;18;23;61;6;2
4;235;1;25;30;101;6;2
4;235;1;25;24;62;6;0
4;236;1;18;24;60;6;1
4;236;1;18;23;61;6;2
4;237;1;10;7;98;6;8
4;237;1;1;7;99;6;4
4;238;1;14;10;106;6;11
4;239;1;14;10;106;6;11
4;240;1;5;47;101;0;2
4;241;1;4;8;101;0;2
4;242;1;5;15;101;0;2
4;242;1;13;3;95;0;13
4;243;1;11;3;94;0;9
4;244;1;4;11;101;0;2
4;245;1;8;19;101;0;2
4;245;1;14;17;106;6;11
4;246;1;14;10;106;6;11
4;247;1;5;10;101;0;2
4;247;1;9;3;94;0;9
4;248;1;5;10;101;0;2
4;248;1;3;3;95;0;5
4;249;1;8;13;101;6;2
4;250;1;9;3;94;0;9
4;251;1;3;3;95;0;5
4;252;1;8;19;101;0;2
4;252;1;14;17;106;6;11
4;253;1;14;10;106;6;11
4;254;1;4;8;101;0;2
4;255;1;8;19;101;0;2
4;255;1;14;17;106;6;11
4;0;2;14;10;106;6;11
4;1;2;28;8;0;4;8
4;1;2;32;20;110;0;9
4;2;2;8;19;101;0;2
4;2;2;14;17;106;6;11
4;3;2;14;10;106;6;11
4;5;2;4;8;101;0;2
4;6;2;5;9;101;0;2
4;7;2;10;14;95;0;5
4;8;2;21;14;94;0;9
4;9;2;20;25;105;128;13
4;9;2;13;7;110;1;13
4;10;2;16;30;101;6;2
4;11;2;4;8;101;0;2
4;12;2;16;29;101;0;2
4;13;2;16;29;101;0;2
4;14;2;16;29;101;0;2
4;15;2;5;12;101;6;2
4;15;2;5;2;110;6;13
4;16;2;8;19;101;0;2
4;16;2;14;17;106;6;11
4;17;2;14;10;106;6;11
4;18;2;4;11;101;0;2
4;19;2;4;8;101;0;2
4;20;2;4;3;95;6;7
4;20;2;4;4;95;6;7
4;20;2;4;5;95;6;5
4;20;2;4;57;95;6;7
4;20;2;4;58;95;6;7
4;20;2;4;56;95;6;6
4;21;2;4;8;101;0;2
4;22;2;8;19;101;0;2
4;22;2;14;17;106;6;11
4;23;2;14;10;106;6;11
4;24;2;7;12;101;0;2
4;25;2;7;12;101;0;2
4;27;2;14;10;106;6;11
